# Courbe DPC beta = 1.221, R = 0.56, d = 0.295, Pb = 3345.0 
0 0.295 
1319.4107665787385 3617.1236311093962
1329.5896069476896 3617.0779612214365
1339.7684473166407 3616.940948097608
1349.9472876855916 3616.7125813567513
1360.1261280545427 3616.3928436925667
1370.3049684234938 3615.981710867051
1380.483808792445 3615.479151701306
1390.6626491613958 3614.8851280637095
1400.841489530347 3614.199594855432
1411.020329899298 3613.4224999932894
1421.1991702682492 3612.553784389921
1431.3780106372 3611.5933819312663
1441.5568510061512 3610.5412194513306
1451.7356913751023 3609.3972167042075
1461.9145317440534 3608.161286333339
1472.0933721130045 3606.833333837985
1482.2722124819554 3605.413257536867
1492.4510528509065 3603.9009485289657
1502.6298932198576 3602.2962906514153
1512.8087335888088 3600.599160434485
1522.9875739577597 3598.8094270535753
1533.1664143267108 3596.9269522782147
1543.3452546956619 3594.9515904179866
1553.524095064613 3592.883188265348
1563.702935433564 3590.721585035288
1573.881775802515 3588.466612301763
1584.060616171466 3586.118093930852
1594.2394565404172 3583.675846010574
1604.4182969093683 3581.1396767772903
1614.5971372783192 3578.5093865386334
1624.7759776472703 3575.7847675928783
1634.9548180162215 3572.9656041446865
1645.1336583851726 3570.0516722171333
1655.3124987541237 3567.0427395599418
1665.4913391230746 3563.9385655538226
1675.6701794920257 3560.738901110832
1685.8490198609768 3557.44348857065
1696.0278602299277 3554.0520615926625
1706.2067005988788 3550.564345043755
1716.38554096783 3546.980054881691
1726.564381336781 3543.298898033958
1736.7432217057321 3539.520572271955
1746.9220620746833 3535.6447660803988
1757.1009024436341 3531.6711585217904
1767.2797428125853 3527.599419095821
1777.4585831815364 3523.4292075935477
1787.6374235504873 3519.1601739461958
1797.8162639194384 3514.7919580684056
1807.9951042883895 3510.324189695769
1818.1739446573406 3505.756488216455
1828.3527850262917 3501.088462496755
1838.5316253952428 3496.319710700325
1848.7104657641937 3491.449820100944
1858.8893061331448 3486.4783668885466
1869.068146502096 3481.4049159683127
1879.2469868710468 3476.2290207525803
1889.425827239998 3470.950222945317
1899.604667608949 3465.5680523189053
1909.7835079779002 3460.082026482949
1919.9623483468513 3454.491650644831
1930.1411887158024 3448.796417361708
1940.3200290847533 3442.9958062836276
1950.4988694537044 3437.0892838874497
1960.6777098226553 3431.0763032012032
1970.8565501916064 3424.956303518532
1981.0353905605575 3418.7287101028382
1991.2142309295086 3412.3929338807256
2001.3930712984597 3405.9483711243174
2011.5719116674109 3399.3944031220144
2021.750752036362 3392.7303958372167
2031.9295924053129 3385.955699554535
2042.108432774264 3379.0696485129633
2052.287273143215 3372.0715605254877
2062.466113512166 3364.9607365845554
2072.644953881117 3357.7364604528075
2082.823794250068 3350.3979982384512
2093.0026346190193 3342.944597954607
2103.1814749879704 3335.3754890619375
2113.3603153569215 3327.689881993818
2123.5391557258727 3319.8869676632808
2133.7179960948233 3311.965916950922
2143.8968364637744 3303.9258801728924
2154.0756768327255 3295.7659865280916
2164.2545172016767 3287.4853435235786
2174.433357570628 3279.0830363772125
2184.612197939579 3270.5581273964317
2194.79103830853 3261.9096553320583
2204.969878677481 3253.13663470592
2215.1487190464322 3244.238055111032
2225.327559415383 3235.2128804829927
2235.506399784334 3226.0600483411818
2245.685240153285 3216.778468998254
2255.8640805222362 3207.367024736333
2266.0429208911874 3197.824568948215
2276.2217612601385 3188.1499252417975
2286.4006016290896 3178.341886505811
2296.5794419980402 3168.399213934847
2306.758282366992 3158.3206360115164
2316.9371227359425 3148.1048474434624
2327.1159631048936 3137.7505080527762
2337.2948034738447 3127.2562416152414
2347.473643842796 3116.620634646622
2357.652484211747 3105.842235133063
2367.831324580698 3094.9195512024485
2378.010164949649 3083.851049733367
2388.1890053186 3072.6351548980906
2398.3678456875514 3061.2702466357373
2408.546686056502 3049.7546590515194
2418.7255264254536 3038.0866787376663
2428.9043667944043 3026.2645430113475
2439.0832071633554 3014.28643806452
2449.2620475323065 3002.1504970203114
2459.4408879012576 2989.85479789011
2469.6197282702087 2977.397361425129
2479.7985686391594 2964.7761488557157
2489.977409008111 2951.9890595111847
2500.1562493770616 2939.0339283123863
2510.3350897460127 2925.9085231285917
2520.513930114964 2912.6105419896658
2530.692770483915 2899.1376101437013
2540.871610852866 2885.48727694955
2551.050451221817 2871.6570125927856
2561.2292915907683 2857.6442046126936
2571.408131959719 2843.4461542268227
2581.5869723286705 2829.060072438493
2591.765812697621 2814.483075911398
2601.9446530665723 2799.7121825940017
2612.1234934355234 2784.7443070749696
2622.3023338044745 2769.57625564909
2632.4811741734256 2754.204721071332
2642.6600145423768 2738.62627697457
2652.838854911328 2722.8373719242154
2663.0176952802785 2706.8343230804408
2673.19653564923 2690.6133094358092
2683.3753760181808 2674.170364593006
2693.554216387132 2657.501369043761
2703.733056756083 2640.6020419061692
2713.911897125034 2623.467932073155
2724.090737493985 2606.094408719869
2734.2695778629363 2588.4766511122566
2744.4484182318874 2570.609637652766
2754.627258600838 2552.4881340920765
2764.8060989697897 2534.1066808277833
2774.9849393387403 2515.4595792019327
2785.1637797076914 2496.5408766990213
2795.3426200766426 2477.3443509344984
2805.5214604455937 2457.8634923104705
2815.700300814545 2438.0914852002115
2825.8791411834954 2418.02118750571
2836.057981552447 2397.6451084125993
2846.2368219213977 2376.955384143929
2856.4156622903492 2355.943751487788
2866.5945026593 2334.601518843311
2876.773343028251 2312.9195344940636
2886.952183397202 2290.8881517766367
2897.1310237661532 2268.497190764077
2907.3098641351044 2245.735896027412
2917.488704504055 2222.5928899722458
2927.6675448730066 2199.0561211692407
2937.8463852419573 2175.112807004786
2948.025225610909 2150.749369868131
2958.2040659798595 2125.9513659601175
2968.3829063488106 2100.703405651263
2978.5617467177617 2074.9890641276975
2988.740587086713 2048.790780834358
2998.919427455664 2022.089745946449
3009.0982678246146 1994.8657717599192
3019.277108193566 1967.0971464735562
3029.455948562517 1938.7604673185199
3039.6347889314684 1909.8304493481696
3049.813629300419 1880.27970539634
3059.99246966937 1850.0784916972732
3070.1713100383213 1819.1944123715762
3080.3501504072724 1787.5920743320235
3090.5289907762235 1755.2326820319208
3100.707831145174 1722.073558701508
3110.8866715141257 1688.0675770633038
3121.0655118830764 1653.1624776571339
3131.244352252028 1617.300046368071
3141.4231926209786 1580.4151138477719
3151.6020329899297 1542.434327231587
3161.780873358881 1503.2746273432047
3171.959713727832 1462.8413400820125
3182.138554096783 1421.0257551992597
3192.3173944657337 1377.7020132357788
3202.4962348346853 1332.7230422168732
3212.675075203636 1285.9151631757375
3222.8539155725875 1237.070788662621
3233.032755941538 1185.9383184158633
3243.2115963104893 1132.2077917322965
3253.3904366794404 1075.489889250102
3263.5692770483915 1015.2840734231336
3273.7481174173427 950.9280873240334
3283.9269577862933 881.5134340578269
3294.105798155245 805.733747111715
3304.2846385241955 721.5864727754783
3314.463478893147 625.7047497006996
3324.6423192620978 511.53207089202755
3334.821159631049 362.1642099265872
3345.0 8.631674575031098e-05
