0.0000000000000000e+00 1.2719563470721031e+01 8.8123720725543802e+00
1.0000000000000928e-01 3.1637835246749410e+03 2.3224978376559429e+03
1.9999999999998785e-01 3.2209299990599061e+03 2.5087340138653299e+03
3.0000000000001847e-01 3.3011717273882014e+03 2.5853184530300905e+03
4.0000000000011848e-01 3.3818878330367875e+03 2.6590262064779490e+03
5.0000000000021849e-01 3.4655521705827159e+03 2.7273861603524010e+03
6.0000000000031850e-01 3.5517287351764985e+03 2.7942271315684729e+03
7.0000000000041851e-01 3.6408315779512204e+03 2.8619195529291828e+03
8.0000000000051852e-01 3.7319611414967731e+03 2.9315465216812954e+03
9.0000000000061853e-01 3.8254154971176013e+03 3.0028094497193761e+03
1.0000000000007185e+00 3.9213098438581492e+03 3.0758204858116273e+03
1.1000000000002634e+00 4.0196748949292823e+03 3.1507838506063317e+03
1.1999999999998083e+00 4.1204739755881228e+03 3.2279582756944346e+03
1.2999999999993532e+00 4.2231996713442541e+03 3.3085400057164629e+03
1.3999999999988981e+00 4.3312426156776628e+03 3.3882393991350996e+03
1.4999999999984430e+00 4.4432063618331431e+03 3.4735920768447181e+03
1.5999999999979879e+00 4.5546297187249875e+03 3.5729336436805793e+03
1.6999999999975328e+00 4.6646481204864667e+03 3.6832722016218813e+03
1.7999999999970777e+00 4.7751327530341896e+03 3.7982577639703604e+03
1.8999999999966226e+00 4.8876417359889620e+03 3.9143536560202415e+03
1.9999999999961675e+00 4.9996730530366476e+03 4.0393162693799723e+03
2.0999999999968226e+00 5.1232524638203013e+03 4.1452121633415300e+03
2.1999999999974778e+00 5.2588897287691352e+03 4.2382020181642774e+03
2.2999999999981329e+00 5.3775195954475676e+03 4.3767150340911821e+03
2.3999999999987880e+00 5.4962175974676502e+03 4.5203458949754177e+03
2.4999999999994431e+00 5.6268204098759697e+03 4.6441741969381801e+03
2.6000000000000982e+00 5.7561804027760190e+03 4.7769674196333262e+03
2.7000000000007534e+00 5.8747668909294243e+03 4.9387556106954335e+03
2.8000000000014085e+00 5.9989036848524529e+03 5.0954433183959763e+03
2.9000000000020636e+00 6.1273734745728270e+03 5.2374028503474738e+03
3.0000000000027187e+00 6.2598334352201537e+03 5.3804146587798041e+03
3.1000000000033738e+00 6.3961949877428196e+03 5.5205560372795935e+03
3.2000000000040290e+00 6.5354910305450339e+03 5.6595607220147149e+03
3.3000000000046841e+00 6.6767340545039633e+03 5.7989046364370579e+03
3.4000000000053392e+00 6.8103186566041422e+03 5.9536900004475347e+03
3.5000000000059943e+00 6.9487137171665763e+03 6.1014305449419635e+03
3.6000000000066494e+00 7.0956257841031456e+03 6.2370530245565369e+03
3.7000000000073046e+00 7.2552774009384266e+03 6.3533031336480017e+03
3.8000000000079597e+00 7.3502136862249481e+03 6.5853062550965424e+03
3.9000000000086148e+00 7.5112809212039992e+03 6.6940992481250341e+03
4.0000000000092699e+00 7.6547640957638087e+03 6.8410099690541729e+03
4.1000000000099250e+00 7.7992583728870286e+03 6.9876356798693623e+03
4.2000000000105802e+00 7.9453758689731258e+03 7.1340112652841599e+03
4.3000000000112353e+00 8.0886503824582333e+03 7.2880803954966004e+03
4.4000000000118904e+00 8.2300528778474345e+03 7.4484573292853884e+03
4.5000000000125455e+00 8.3710640199919872e+03 7.6120361057109276e+03
4.6000000000132006e+00 8.5133761395304646e+03 7.7760329579595937e+03
4.7000000000138558e+00 8.6584439532835349e+03 7.9386130735444103e+03
4.8000000000145109e+00 8.8050457330717600e+03 8.1024331540987941e+03
4.9000000000151660e+00 8.9520632801389820e+03 8.2690497862401044e+03
5.0000000000158211e+00 9.0969313521628028e+03 8.4415547833046639e+03
5.1000000000164762e+00 1.8749729035513790e+03 2.2567429705687027e+03
5.2000000000171314e+00 1.8603148916854550e+03 2.3111640566391934e+03
5.3000000000177865e+00 1.8538129311304838e+03 2.3409323077074309e+03
5.4000000000184416e+00 1.8532612410688166e+03 2.3546721542779005e+03
5.5000000000190967e+00 1.8562133638268965e+03 2.3592130117425304e+03
5.6000000000197518e+00 1.8610448618173893e+03 2.3587616060734345e+03
5.7000000000204070e+00 1.8663088504200196e+03 2.3564320459136966e+03
5.8000000000210621e+00 1.8709413093095961e+03 2.3544513044789719e+03
5.9000000000217172e+00 1.8753250885812286e+03 2.3524805486689015e+03
6.0000000000223723e+00 1.8794393015036972e+03 2.3506914103011659e+03
6.1000000000230274e+00 1.8833717566223938e+03 2.3490343604183518e+03
6.2000000000236826e+00 1.8871755057520459e+03 2.3474734409298594e+03
6.3000000000243377e+00 1.8908777218566931e+03 2.3459923688684398e+03
6.4000000000249928e+00 1.8944942112946833e+03 2.3445814441693560e+03
6.5000000000256479e+00 1.8980344122336571e+03 2.3432344661824914e+03
6.6000000000263030e+00 1.9015041714706003e+03 2.3419473353599442e+03
6.7000000000269582e+00 1.9049072990348932e+03 2.3407171260943878e+03
6.8000000000276133e+00 1.9082463708889470e+03 2.3395415601896143e+03
6.9000000000282684e+00 1.9115233418565890e+03 2.3384188073451623e+03
7.0000000000289235e+00 1.9147397667779207e+03 2.3373472750169749e+03
7.1000000000295787e+00 1.9178961813461574e+03 2.3363275707096623e+03
7.2000000000302338e+00 1.9209920505875336e+03 2.3353609859914332e+03
7.3000000000308889e+00 1.9240314532409036e+03 2.3344415475941469e+03
7.4000000000315440e+00 1.9274555548174289e+03 2.3328756462888127e+03
7.5000000000321991e+00 1.9309997255367414e+03 2.3310642318640721e+03
7.6000000000328543e+00 1.9344735941768390e+03 2.3293176275652609e+03
7.7000000000335094e+00 1.9378774579827307e+03 2.3276374208447151e+03
7.8000000000341645e+00 1.9412100094099717e+03 2.3260267155473412e+03
7.9000000000348196e+00 1.9444764718240949e+03 2.3244794920728923e+03
8.0000000000354738e+00 1.9476783582033838e+03 2.3229936050086153e+03
8.1000000000316881e+00 1.9508170162511794e+03 2.3215674436055751e+03
8.2000000000279023e+00 1.9538936490096744e+03 2.3201995104983694e+03
8.3000000000241165e+00 1.9569094410061050e+03 2.3188883635875968e+03
8.4000000000203308e+00 1.9598655560739526e+03 2.3176326505174093e+03
8.5000000000165450e+00 1.9627630772518230e+03 2.3164309404592013e+03
8.6000000000127592e+00 1.9656030996562592e+03 2.3152818898854157e+03
8.7000000000089734e+00 1.9683869821998180e+03 2.3141836645409294e+03
8.8000000000051877e+00 1.9711166104886654e+03 2.3131334975938953e+03
8.9000000000014019e+00 1.9737930982854500e+03 2.3121299220582387e+03
8.9999999999976161e+00 1.9764183187101439e+03 2.3111703420574718e+03
9.0999999999938304e+00 1.9768953720515308e+03 2.3135900381522051e+03
9.1999999999900446e+00 1.9759195856132592e+03 2.3183669712117053e+03
9.2999999999862588e+00 1.9749567250366795e+03 2.3230835081966866e+03
9.3999999999824730e+00 1.9740188337161139e+03 2.3277181618839677e+03
9.4999999999786873e+00 1.9731000565792663e+03 2.3322840682149140e+03
9.5999999999749015e+00 1.9722016936952075e+03 2.3367805698256830e+03
9.6999999999711157e+00 1.9713238636005724e+03 2.3412080886509316e+03
9.7999999999673300e+00 1.9704663220822461e+03 2.3455674367841107e+03
9.8999999999635442e+00 1.9696287371535470e+03 2.3498594951088462e+03
9.9999999999597584e+00 1.9688107488630551e+03 2.3540851648859980e+03
