0.0000000000000000e+00 1.2719563470752984e+01 8.8123720725322272e+00
1.0000000000000928e-01 3.1637835245939468e+03 2.3224978378346773e+03
1.9999999999998785e-01 3.2209299990387585e+03 2.5087340139146054e+03
3.0000000000001847e-01 3.3011717273007025e+03 2.5853184532587979e+03
4.0000000000011848e-01 3.3818878328432061e+03 2.6590262069516011e+03
5.0000000000021849e-01 3.4655521706658392e+03 2.7273861601760796e+03
6.0000000000031850e-01 3.5517287351018940e+03 2.7942271317886248e+03
7.0000000000041851e-01 3.6408315779322947e+03 2.8619195530074544e+03
8.0000000000051852e-01 3.7319611419314760e+03 2.9315465208017017e+03
9.0000000000061853e-01 3.8254154971377429e+03 3.0028094497928209e+03
1.0000000000007185e+00 3.9213098435830607e+03 3.0758204865080102e+03
1.1000000000002634e+00 4.0196748949120688e+03 3.1507838507177457e+03
1.1999999999998083e+00 4.1204739757728430e+03 3.2279582754206408e+03
1.2999999999993532e+00 4.2231996711054253e+03 3.3085400063816733e+03
1.3999999999988981e+00 4.3312426162601623e+03 3.3882393979947333e+03
1.4999999999984430e+00 4.4432063608901799e+03 3.4735920788764543e+03
1.5999999999979879e+00 4.5546297190569076e+03 3.5729336431652177e+03
1.6999999999975328e+00 4.6646481200908056e+03 3.6832722024534428e+03
1.7999999999970777e+00 4.7751327526912501e+03 3.7982577646001141e+03
1.8999999999966226e+00 4.8876417367832628e+03 3.9143536543713094e+03
1.9999999999961675e+00 4.9996730538813154e+03 4.0393162676756524e+03
2.0999999999968226e+00 5.1232524627093353e+03 4.1452121658719334e+03
2.1999999999974778e+00 5.2588897286021047e+03 4.2382020186005766e+03
2.2999999999981329e+00 5.3775195957704291e+03 4.3767150335344058e+03
2.3999999999987880e+00 5.4962175971820134e+03 4.5203458956738405e+03
2.4999999999994431e+00 5.6268204095253859e+03 4.6441741976607382e+03
2.6000000000000982e+00 5.7561804060266222e+03 4.7769674128207489e+03
2.7000000000007534e+00 5.8747668908683227e+03 4.9387556111360709e+03
2.8000000000014085e+00 5.9989036841730103e+03 5.0954433199728846e+03
2.9000000000020636e+00 6.1273734741958924e+03 5.2374028512850646e+03
3.0000000000027187e+00 6.2598334345379426e+03 5.3804146602221645e+03
3.1000000000033738e+00 6.3961949879489321e+03 5.5205560369253626e+03
3.2000000000040290e+00 6.5354910303275683e+03 5.6595607224991190e+03
3.3000000000046841e+00 6.6767340542121092e+03 5.7989046370191500e+03
3.4000000000053392e+00 6.8103186561604616e+03 5.9536900013342656e+03
3.5000000000059943e+00 6.9487137169708112e+03 6.1014305453100906e+03
3.6000000000066494e+00 7.0956257839607961e+03 6.2370530248072009e+03
3.7000000000073046e+00 7.2552774007519247e+03 6.3533031340221123e+03
3.8000000000079597e+00 7.3502136864303393e+03 6.5853062547615937e+03
3.9000000000086148e+00 7.5112809227176731e+03 6.6940992456638733e+03
4.0000000000092699e+00 7.6547640957607728e+03 6.8410099693713937e+03
4.1000000000099250e+00 7.7992583732499788e+03 6.9876356792092029e+03
4.2000000000105802e+00 7.9453758692562124e+03 7.1340112648925960e+03
4.3000000000112353e+00 8.0886503826083717e+03 7.2880803953914592e+03
4.4000000000118904e+00 8.2300528787423627e+03 7.4484573277708587e+03
4.5000000000125455e+00 8.3710640196446748e+03 7.6120361064796834e+03
4.6000000000132006e+00 8.5133761394617450e+03 7.7760329583150415e+03
4.7000000000138558e+00 8.6584439534176490e+03 7.9386130735458937e+03
4.8000000000145109e+00 8.8050457337086191e+03 8.1024331531584321e+03
4.9000000000151660e+00 8.9520632796879272e+03 8.2690497873299973e+03
5.0000000000158211e+00 9.0969313525961679e+03 8.4415547829215539e+03
5.1000000000164762e+00 1.8749729070467192e+03 2.2567429726848050e+03
5.2000000000171314e+00 1.8603148985557998e+03 2.3111640578371898e+03
5.3000000000177865e+00 1.8538129287493923e+03 2.3409323111315521e+03
5.4000000000184416e+00 1.8532612224125592e+03 2.3546721506243998e+03
5.5000000000190967e+00 1.8562133490571889e+03 2.3592130098799707e+03
5.6000000000197518e+00 1.8610448462656996e+03 2.3587616040914413e+03
5.7000000000204070e+00 1.8663088383504246e+03 2.3564320672903550e+03
5.8000000000210621e+00 1.8709413083376437e+03 2.3544513211993976e+03
5.9000000000217172e+00 1.8753250860977050e+03 2.3524805686650902e+03
6.0000000000223723e+00 1.8794392885598470e+03 2.3506914238776726e+03
6.1000000000230274e+00 1.8833717301779175e+03 2.3490343694592430e+03
6.2000000000236826e+00 1.8871754696986727e+03 2.3474734574980757e+03
6.3000000000243377e+00 1.8908776801264271e+03 2.3459923866382460e+03
6.4000000000249928e+00 1.8944941724513399e+03 2.3445814538534455e+03
6.5000000000256479e+00 1.8980343850806646e+03 2.3432344756306256e+03
6.6000000000263030e+00 1.9015041604367398e+03 2.3419473422664623e+03
6.7000000000269582e+00 1.9049072735936811e+03 2.3407171091458185e+03
6.8000000000276133e+00 1.9082463469645136e+03 2.3395415285329227e+03
6.9000000000282684e+00 1.9115233159887155e+03 2.3384187553934871e+03
7.0000000000289235e+00 1.9147397430359010e+03 2.3373471980611826e+03
7.1000000000295787e+00 1.9178961536770653e+03 2.3363274855250961e+03
7.2000000000302338e+00 1.9209920314081301e+03 2.3353608801954088e+03
7.3000000000308889e+00 1.9240314501173741e+03 2.3344414380140583e+03
7.4000000000315440e+00 1.9274556022162774e+03 2.3328754836448011e+03
7.5000000000321991e+00 1.9309997694607857e+03 2.3310640561910741e+03
7.6000000000328543e+00 1.9344736327531825e+03 2.3293174391145576e+03
7.7000000000335094e+00 1.9378774877731325e+03 2.3276372306472581e+03
7.8000000000341645e+00 1.9412100617152248e+03 2.3260265293795424e+03
7.9000000000348196e+00 1.9444765299322560e+03 2.3244793027188111e+03
8.0000000000354738e+00 1.9476784331225178e+03 2.3229934253548399e+03
8.1000000000316881e+00 1.9508170962804306e+03 2.3215672725005320e+03
8.2000000000279023e+00 1.9538937439616320e+03 2.3201993517555361e+03
8.3000000000241165e+00 1.9569095525568850e+03 2.3188882256010238e+03
8.4000000000203308e+00 1.9598656565067276e+03 2.3176324930699766e+03
8.5000000000165450e+00 1.9627631753847165e+03 2.3164307744216412e+03
8.6000000000127592e+00 1.9656031961734698e+03 2.3152817186386510e+03
8.7000000000089734e+00 1.9683870972900086e+03 2.3141835005042899e+03
8.8000000000051877e+00 1.9711167470590240e+03 2.3131333421639474e+03
8.9000000000014019e+00 1.9737932523940740e+03 2.3121297747233584e+03
8.9999999999976161e+00 1.9764184771417922e+03 2.3111702008650541e+03
9.0999999999938304e+00 1.9768952713981198e+03 2.3135903427884073e+03
9.1999999999900446e+00 1.9759194887292197e+03 2.3183672833310106e+03
9.2999999999862588e+00 1.9749566310995854e+03 2.3230838366543112e+03
9.3999999999824730e+00 1.9740187382521876e+03 2.3277184737267908e+03
9.4999999999786873e+00 1.9730999758795886e+03 2.3322843815657175e+03
9.5999999999749015e+00 1.9722016254503287e+03 2.3367808789843475e+03
9.6999999999711157e+00 1.9713237937216209e+03 2.3412084063491252e+03
9.7999999999673300e+00 1.9704662582597277e+03 2.3455677570656894e+03
9.8999999999635442e+00 1.9696286769798892e+03 2.3498598178825782e+03
9.9999999999597584e+00 1.9688107001929266e+03 2.3540855089537040e+03
