0.048 0 0 0
0.048 -0 -0 0
0.056 -0 -0 0
0.064 -0 -0 0
0.064 0 0 0
0.064 -0 -0 2.19665e-06
0.072 -0 -0 2.19665e-06
0.08 -0 -0 2.19665e-06
0.08 0 0 0
0.08 -4.594e-09 9.96111e-06 2.94078e-05
0.088 -4.594e-09 9.96111e-06 2.94078e-05
0.096 -4.594e-09 9.96111e-06 2.94078e-05
0.096 0 0 0
0.096 1.09637e-07 1.82348e-05 0.000107855
0.104 1.09637e-07 1.82348e-05 0.000107855
0.112 1.09637e-07 1.82348e-05 0.000107855
0.112 0 0 0
0.112 4.54131e-08 5.33103e-05 0.000213826
0.12 4.54131e-08 5.33103e-05 0.000213826
0.128 4.54131e-08 5.33103e-05 0.000213826
0.128 0 0 0
0.128 8.87702e-05 8.98656e-05 0.000344019
0.136 8.87702e-05 8.98656e-05 0.000344019
0.144 8.87702e-05 8.98656e-05 0.000344019
0.144 0 0 0
0.144 -3.51363e-07 6.9395e-05 0.00109461
0.152 -3.51363e-07 6.9395e-05 0.00109461
0.16 -3.51363e-07 6.9395e-05 0.00109461
0.16 0 0 0
0.16 4.80264e-07 2.17686e-05 0.000753595
0.168 4.80264e-07 2.17686e-05 0.000753595
0.176 4.80264e-07 2.17686e-05 0.000753595
0.176 0 0 0
0.176 2.70884e-07 2.91961e-07 0.000627106
0.184 2.70884e-07 2.91961e-07 0.000627106
0.192 2.70884e-07 2.91961e-07 0.000627106
0.192 0 0 0
0.192 1.08366e-07 1.06938e-07 0.000406298
0.2 1.08366e-07 1.06938e-07 0.000406298
0.208 1.08366e-07 1.06938e-07 0.000406298
0.208 0 0 0
0.208 1.08366e-07 1.06938e-07 0.000406298
0.216 1.08366e-07 1.06938e-07 0.000406298
0.224 1.08366e-07 1.06938e-07 0.000406298
0.224 0 0 0
0.224 2.70884e-07 2.91961e-07 0.000627106
0.232 2.70884e-07 2.91961e-07 0.000627106
0.24 2.70884e-07 2.91961e-07 0.000627106
0.24 0 0 0
0.24 4.80264e-07 2.17686e-05 0.000753595
0.248 4.80264e-07 2.17686e-05 0.000753595
0.256 4.80264e-07 2.17686e-05 0.000753595
0.256 0 0 0
0.256 -3.51363e-07 6.9395e-05 0.00109461
0.264 -3.51363e-07 6.9395e-05 0.00109461
0.272 -3.51363e-07 6.9395e-05 0.00109461
0.272 0 0 0
0.272 8.87702e-05 8.98656e-05 0.000344019
0.28 8.87702e-05 8.98656e-05 0.000344019
0.288 8.87702e-05 8.98656e-05 0.000344019
0.288 0 0 0
0.288 4.54131e-08 5.33103e-05 0.000213826
0.296 4.54131e-08 5.33103e-05 0.000213826
0.304 4.54131e-08 5.33103e-05 0.000213826
0.304 0 0 0
0.304 1.09637e-07 1.82348e-05 0.000107855
0.312 1.09637e-07 1.82348e-05 0.000107855
0.32 1.09637e-07 1.82348e-05 0.000107855
0.32 0 0 0
0.32 -4.594e-09 9.96111e-06 2.94078e-05
0.328 -4.594e-09 9.96111e-06 2.94078e-05
0.336 -4.594e-09 9.96111e-06 2.94078e-05
0.336 0 0 0
0.336 -0 -0 2.19665e-06
0.344 -0 -0 2.19665e-06
0.352 -0 -0 2.19665e-06
0.352 0 0 0
0.352 -0 -0 0
0.36 -0 -0 0
0.368 -0 -0 0
0.368 0 0 0
