0.04 0 0 0
0.044 0 0 0
0.044 -0 -0 0
0.048 -0 -0 0
0.052 -0 -0 0
0.052 0 0 0
0.052 -0 -0 0
0.056 -0 -0 0
0.06 -0 -0 0
0.06 0 0 0
0.06 -0 -0 0
0.064 -0 -0 0
0.068 -0 -0 0
0.068 0 0 0
0.068 -0 -0 2.19665e-06
0.072 -0 -0 2.19665e-06
0.076 -0 -0 2.19665e-06
0.076 0 0 0
0.076 -9.37848e-09 3.01321e-06 9.29741e-06
0.08 -9.37848e-09 3.01321e-06 9.29741e-06
0.084 -9.37848e-09 3.01321e-06 9.29741e-06
0.084 0 0 0
0.084 4.78449e-09 6.9479e-06 2.01104e-05
0.088 4.78449e-09 6.9479e-06 2.01104e-05
0.092 4.78449e-09 6.9479e-06 2.01104e-05
0.092 0 0 0
0.092 3.13326e-08 1.28526e-05 3.91248e-05
0.096 3.13326e-08 1.28526e-05 3.91248e-05
0.1 3.13326e-08 1.28526e-05 3.91248e-05
0.1 0 0 0
0.1 7.83039e-08 5.38224e-06 6.87302e-05
0.104 7.83039e-08 5.38224e-06 6.87302e-05
0.108 7.83039e-08 5.38224e-06 6.87302e-05
0.108 0 0 0
0.108 1.42027e-07 1.48852e-05 0.000109683
0.112 1.42027e-07 1.48852e-05 0.000109683
0.116 1.42027e-07 1.48852e-05 0.000109683
0.116 0 0 0
0.116 -9.66142e-08 3.84251e-05 0.000104143
0.12 -9.66142e-08 3.84251e-05 0.000104143
0.124 -9.66142e-08 3.84251e-05 0.000104143
0.124 0 0 0
0.124 8.87702e-05 8.98656e-05 0.000193518
0.128 8.87702e-05 8.98656e-05 0.000193518
0.132 8.87702e-05 8.98656e-05 0.000193518
0.132 0 0 0
0.132 -0 -0 0.000150501
0.136 -0 -0 0.000150501
0.14 -0 -0 0.000150501
0.14 0 0 0
0.14 -0 -0 0.000301242
0.144 -0 -0 0.000301242
0.148 -0 -0 0.000301242
0.148 0 0 0
0.148 -3.51363e-07 6.9395e-05 0.000793372
0.152 -3.51363e-07 6.9395e-05 0.000793372
0.156 -3.51363e-07 6.9395e-05 0.000793372
0.156 0 0 0
0.156 3.74155e-07 1.89403e-05 0.000308667
0.16 3.74155e-07 1.89403e-05 0.000308667
0.164 3.74155e-07 1.89403e-05 0.000308667
0.164 0 0 0
0.164 1.0611e-07 2.8283e-06 0.000444928
0.168 1.0611e-07 2.8283e-06 0.000444928
0.172 1.0611e-07 2.8283e-06 0.000444928
0.172 0 0 0
0.172 1.61306e-07 2.95977e-06 0.000351712
0.176 1.61306e-07 2.95977e-06 0.000351712
0.18 1.61306e-07 2.95977e-06 0.000351712
0.18 0 0 0
0.18 1.09578e-07 -2.6678e-06 0.000275394
0.184 1.09578e-07 -2.6678e-06 0.000275394
0.188 1.09578e-07 -2.6678e-06 0.000275394
0.188 0 0 0
0.188 2.43864e-08 2.54041e-08 0.000216459
0.192 2.43864e-08 2.54041e-08 0.000216459
0.196 2.43864e-08 2.54041e-08 0.000216459
0.196 0 0 0
0.196 8.39799e-08 8.15338e-08 0.000189839
0.2 8.39799e-08 8.15338e-08 0.000189839
0.204 8.39799e-08 8.15338e-08 0.000189839
0.204 0 0 0
0.204 8.39799e-08 8.15338e-08 0.000189839
0.208 8.39799e-08 8.15338e-08 0.000189839
0.212 8.39799e-08 8.15338e-08 0.000189839
0.212 0 0 0
0.212 2.43864e-08 2.54041e-08 0.000216459
0.216 2.43864e-08 2.54041e-08 0.000216459
0.22 2.43864e-08 2.54041e-08 0.000216459
0.22 0 0 0
0.22 1.09578e-07 -2.6678e-06 0.000275394
0.224 1.09578e-07 -2.6678e-06 0.000275394
0.228 1.09578e-07 -2.6678e-06 0.000275394
0.228 0 0 0
0.228 1.61306e-07 2.95977e-06 0.000351712
0.232 1.61306e-07 2.95977e-06 0.000351712
0.236 1.61306e-07 2.95977e-06 0.000351712
0.236 0 0 0
0.236 1.0611e-07 2.8283e-06 0.000444928
0.24 1.0611e-07 2.8283e-06 0.000444928
0.244 1.0611e-07 2.8283e-06 0.000444928
0.244 0 0 0
0.244 3.74155e-07 1.89403e-05 0.000308667
0.248 3.74155e-07 1.89403e-05 0.000308667
0.252 3.74155e-07 1.89403e-05 0.000308667
0.252 0 0 0
0.252 -3.51363e-07 6.9395e-05 0.000793372
0.256 -3.51363e-07 6.9395e-05 0.000793372
0.26 -3.51363e-07 6.9395e-05 0.000793372
0.26 0 0 0
0.26 -0 -0 0.000301242
0.264 -0 -0 0.000301242
0.268 -0 -0 0.000301242
0.268 0 0 0
0.268 -0 -0 0.000150501
0.272 -0 -0 0.000150501
0.276 -0 -0 0.000150501
0.276 0 0 0
0.276 8.87702e-05 8.98656e-05 0.000193518
0.28 8.87702e-05 8.98656e-05 0.000193518
0.284 8.87702e-05 8.98656e-05 0.000193518
0.284 0 0 0
0.284 -9.66142e-08 3.84251e-05 0.000104143
0.288 -9.66142e-08 3.84251e-05 0.000104143
0.292 -9.66142e-08 3.84251e-05 0.000104143
0.292 0 0 0
0.292 1.42027e-07 1.48852e-05 0.000109683
0.296 1.42027e-07 1.48852e-05 0.000109683
0.3 1.42027e-07 1.48852e-05 0.000109683
0.3 0 0 0
0.3 7.83039e-08 5.38224e-06 6.87302e-05
0.304 7.83039e-08 5.38224e-06 6.87302e-05
0.308 7.83039e-08 5.38224e-06 6.87302e-05
0.308 0 0 0
0.308 3.13326e-08 1.28526e-05 3.91248e-05
0.312 3.13326e-08 1.28526e-05 3.91248e-05
0.316 3.13326e-08 1.28526e-05 3.91248e-05
0.316 0 0 0
0.316 4.78449e-09 6.9479e-06 2.01104e-05
0.32 4.78449e-09 6.9479e-06 2.01104e-05
0.324 4.78449e-09 6.9479e-06 2.01104e-05
0.324 0 0 0
0.324 -9.37848e-09 3.01321e-06 9.29741e-06
0.328 -9.37848e-09 3.01321e-06 9.29741e-06
0.332 -9.37848e-09 3.01321e-06 9.29741e-06
0.332 0 0 0
0.332 -0 -0 2.19665e-06
0.336 -0 -0 2.19665e-06
0.34 -0 -0 2.19665e-06
0.34 0 0 0
0.34 -0 -0 0
0.344 -0 -0 0
0.348 -0 -0 0
0.348 0 0 0
0.348 -0 -0 0
0.352 -0 -0 0
0.356 -0 -0 0
0.356 0 0 0
0.356 -0 -0 0
0.36 -0 -0 0
0.364 -0 -0 0
