0.048 -0 -0 0
0.056 -0 -0 0
0.064 -0 -0 0
0.072 -0 -0 2.19665e-06
0.08 -9.37848e-09 3.01321e-06 9.29741e-06
0.088 4.78449e-09 6.9479e-06 2.01104e-05
0.096 3.13326e-08 1.28526e-05 3.91248e-05
0.104 7.83039e-08 5.38224e-06 6.87302e-05
0.112 1.42027e-07 1.48852e-05 0.000109683
0.12 -9.66142e-08 3.84251e-05 0.000104143
0.128 8.87702e-05 8.98656e-05 0.000193518
0.136 -0 -0 0.000150501
0.144 -0 -0 0.000301242
0.152 -3.51363e-07 6.9395e-05 0.000793372
0.16 3.74155e-07 1.89403e-05 0.000308667
0.168 1.0611e-07 2.8283e-06 0.000444928
0.176 1.61306e-07 2.95977e-06 0.000351712
0.184 1.09578e-07 -2.6678e-06 0.000275394
0.192 2.43864e-08 2.54041e-08 0.000216459
0.2 8.39799e-08 8.15338e-08 0.000189839
0.208 8.39799e-08 8.15338e-08 0.000189839
0.216 2.43864e-08 2.54041e-08 0.000216459
0.224 1.09578e-07 -2.6678e-06 0.000275394
0.232 1.61306e-07 2.95977e-06 0.000351712
0.24 1.0611e-07 2.8283e-06 0.000444928
0.248 3.74155e-07 1.89403e-05 0.000308667
0.256 -3.51363e-07 6.9395e-05 0.000793372
0.264 -0 -0 0.000301242
0.272 -0 -0 0.000150501
0.28 8.87702e-05 8.98656e-05 0.000193518
0.288 -9.66142e-08 3.84251e-05 0.000104143
0.296 1.42027e-07 1.48852e-05 0.000109683
0.304 7.83039e-08 5.38224e-06 6.87302e-05
0.312 3.13326e-08 1.28526e-05 3.91248e-05
0.32 4.78449e-09 6.9479e-06 2.01104e-05
0.328 -9.37848e-09 3.01321e-06 9.29741e-06
0.336 -0 -0 2.19665e-06
0.344 -0 -0 0
0.352 -0 -0 0
0.36 -0 -0 0
