0.056 -0 -0 0
0.072 -0 -0 2.19665e-06
0.088 -4.594e-09 9.96111e-06 2.94078e-05
0.104 1.09637e-07 1.82348e-05 0.000107855
0.12 4.54131e-08 5.33103e-05 0.000213826
0.136 8.87702e-05 8.98656e-05 0.000344019
0.152 -3.51363e-07 6.9395e-05 0.00109461
0.168 4.80264e-07 2.17686e-05 0.000753595
0.184 2.70884e-07 2.91961e-07 0.000627106
0.2 1.08366e-07 1.06938e-07 0.000406298
0.216 1.08366e-07 1.06938e-07 0.000406298
0.232 2.70884e-07 2.91961e-07 0.000627106
0.248 4.80264e-07 2.17686e-05 0.000753595
0.264 -3.51363e-07 6.9395e-05 0.00109461
0.28 8.87702e-05 8.98656e-05 0.000344019
0.296 4.54131e-08 5.33103e-05 0.000213826
0.312 1.09637e-07 1.82348e-05 0.000107855
0.328 -4.594e-09 9.96111e-06 2.94078e-05
0.344 -0 -0 2.19665e-06
0.36 -0 -0 0
