0.0000000000000000e+00 3.1977192079557666e-11 2.2136874747125791e-11
1.0000000000000928e-01 2.7679766948962533e+03 2.3504307159974828e+03
1.9999999999998785e-01 2.8315691607500526e+03 2.4596079879848899e+03
3.0000000000001847e-01 2.8490138188659307e+03 2.4116964040004900e+03
4.0000000000011848e-01 2.8624796466036501e+03 2.3913242979971205e+03
5.0000000000021849e-01 2.8730555531644527e+03 2.3833485125308357e+03
6.0000000000031850e-01 2.8906653567392018e+03 2.3933193496566773e+03
7.0000000000041851e-01 2.9058544341758952e+03 2.4052954922324689e+03
8.0000000000051852e-01 2.9172610173166972e+03 2.4167616641699483e+03
9.0000000000061853e-01 2.9254999058381018e+03 2.4257094978277100e+03
1.0000000000007185e+00 2.9311199142513033e+03 2.4320049601516412e+03
1.1000000000002634e+00 2.9352562552956615e+03 2.4369092935312551e+03
1.1999999999998083e+00 2.9383423551855294e+03 2.4407169516839976e+03
1.2999999999993532e+00 2.9406808644228631e+03 2.4436644436646948e+03
1.3999999999988981e+00 2.9425042813944015e+03 2.4460021736349354e+03
1.4999999999984430e+00 2.9439602751351736e+03 2.4478864902611199e+03
1.5999999999979879e+00 2.9451176908233178e+03 2.4494158898875799e+03
1.6999999999975328e+00 2.9460533476031937e+03 2.4506864145557201e+03
1.7999999999970777e+00 2.9468283253104596e+03 2.4517646392677029e+03
1.8999999999966226e+00 2.9474370621374765e+03 2.4526239731787946e+03
1.9999999999961675e+00 2.9476459763910207e+03 2.4528198225210767e+03
2.0999999999968226e+00 2.8340221195013105e+03 2.3214537557058925e+03
2.1999999999974778e+00 3.0074841637849354e+03 2.5156452034186518e+03
2.2999999999981329e+00 3.0803899497314951e+03 2.6783505008398561e+03
2.3999999999987880e+00 3.0863635288227124e+03 2.6665617408882977e+03
2.4999999999994431e+00 3.1718247258365923e+03 2.7181333151221902e+03
2.6000000000000982e+00 3.2128740378016842e+03 2.7594644065668981e+03
2.7000000000007534e+00 3.2464155122760340e+03 2.7931356021391580e+03
2.8000000000014085e+00 3.2703372167630482e+03 2.8186818473684561e+03
2.9000000000020636e+00 3.3106826723411505e+03 2.8491377070988460e+03
3.0000000000027187e+00 3.3745131906897504e+03 2.8969394499291843e+03
3.1000000000033738e+00 3.4604408569359971e+03 2.8627614982687701e+03
3.2000000000040290e+00 3.4711097425477037e+03 2.8571155798909099e+03
3.3000000000046841e+00 3.4249718870912275e+03 3.0445988156569761e+03
3.4000000000053392e+00 3.3100078911785304e+03 3.1144309459590618e+03
3.5000000000059943e+00 3.3798970650259057e+03 3.2922187892041970e+03
3.6000000000066494e+00 3.4548238083350152e+03 3.4209002341550349e+03
3.7000000000073046e+00 3.3716768042160802e+03 3.6375949753381719e+03
3.8000000000079597e+00 3.2210205657336714e+03 3.9119828630826150e+03
3.9000000000086148e+00 3.4751716235614122e+03 3.7178237830436178e+03
4.0000000000092699e+00 3.8029986340328014e+03 3.5867708319704511e+03
4.1000000000099250e+00 3.9058988589293022e+03 3.0325902019801110e+03
4.2000000000105802e+00 4.1237493184919513e+03 2.4657816433888261e+03
4.3000000000112353e+00 4.6584937806590706e+03 2.2835379018775989e+03
4.4000000000118904e+00 3.8843306070157764e+03 4.3001418423481964e+03
4.5000000000125455e+00 2.6487727876998088e+03 5.3523474860806846e+03
4.6000000000132006e+00 2.4122093279558421e+03 5.3742546080795182e+03
4.7000000000138558e+00 2.2342943915348096e+03 5.4592335615149850e+03
4.8000000000145109e+00 2.5485490749726650e+03 5.3882890136777241e+03
4.9000000000151660e+00 3.6998370245764208e+03 4.5805562114996155e+03
5.0000000000158211e+00 3.6169149488653784e+03 4.6853612359637582e+03
5.1000000000164762e+00 3.7708425088508093e+03 4.5255197488021313e+03
5.2000000000171314e+00 4.0292623891558478e+03 4.2070915635317442e+03
5.3000000000177865e+00 4.3188330059572272e+03 3.7834765176564788e+03
5.4000000000184416e+00 4.1922461599009039e+03 4.0960082995534913e+03
5.5000000000190967e+00 4.1195025874850899e+03 4.3067573200225652e+03
5.6000000000197518e+00 4.3294912031571084e+03 4.0656684759999962e+03
5.7000000000204070e+00 3.9141223389075831e+03 4.7426932970447233e+03
5.8000000000210621e+00 3.9002642641420966e+03 4.8165809911522010e+03
5.9000000000217172e+00 3.9416805556877662e+03 4.8300460967793160e+03
6.0000000000223723e+00 4.4550447341759809e+03 4.1869305962537692e+03
6.1000000000230274e+00 4.0529396282419602e+03 4.8815131406191776e+03
6.2000000000236826e+00 4.1566238979193531e+03 4.8466111107431516e+03
6.3000000000243377e+00 4.4510139281813908e+03 4.5195701009585100e+03
6.4000000000249928e+00 4.3390771442462255e+03 4.7661957062119409e+03
6.5000000000256479e+00 4.2535055088711015e+03 4.9524329352368995e+03
6.6000000000263030e+00 4.1309298607090968e+03 5.1705420282347523e+03
6.7000000000269582e+00 4.4218215034018567e+03 4.8626243431730982e+03
6.8000000000276133e+00 4.4563723348481371e+03 4.9559086200909032e+03
6.9000000000282684e+00 4.6990014197014125e+03 4.8415185473876245e+03
7.0000000000289235e+00 4.7877823882563698e+03 4.9125687178959779e+03
7.1000000000295787e+00 4.6616957851309526e+03 5.1909598524154917e+03
7.2000000000302338e+00 4.7782760981695628e+03 5.0967876449924270e+03
7.3000000000308889e+00 4.7543898629566802e+03 5.2060667485363019e+03
7.4000000000315440e+00 4.5128707067132746e+03 5.5776189421126837e+03
7.5000000000321991e+00 4.8204498276128461e+03 5.2694104901586261e+03
7.6000000000328543e+00 5.1036783437621225e+03 4.9735125364152264e+03
7.7000000000335094e+00 4.9817896746969673e+03 5.3015119781120975e+03
7.8000000000341645e+00 5.0815205808418414e+03 5.2684784459742723e+03
7.9000000000348196e+00 4.8415129758626272e+03 5.6984762942305333e+03
8.0000000000354738e+00 4.9144166530226166e+03 5.7035333061732526e+03
8.1000000000316881e+00 5.1384109419612969e+03 5.5507138256117087e+03
8.2000000000279023e+00 5.4293313859544696e+03 5.2539598569300824e+03
8.3000000000241165e+00 5.0072911586570926e+03 5.9856879818319430e+03
8.4000000000203308e+00 5.4364489093561597e+03 5.4758281210851110e+03
8.5000000000165450e+00 4.6396168925288875e+03 5.8210420839045946e+03
8.6000000000127592e+00 5.1742924018605745e+03 5.9617194780446198e+03
8.7000000000089734e+00 4.7270442069886958e+03 6.4903474811073847e+03
8.8000000000051877e+00 4.7439213321666339e+03 6.4939428776877912e+03
8.9000000000014019e+00 4.7145923741407287e+03 6.5387753856277513e+03
8.9999999999976161e+00 4.9466424935388013e+03 6.3623434628520563e+03
9.0999999999938304e+00 5.2727223327418624e+03 6.0790574741216551e+03
9.1999999999900446e+00 5.8345509930688604e+03 5.3853179208313395e+03
9.2999999999862588e+00 5.6419780793706796e+03 5.8354586991718052e+03
9.3999999999824730e+00 5.2040568990689235e+03 5.9220721762380390e+03
9.4999999999786873e+00 5.0220782817725312e+03 6.4008690819988215e+03
9.5999999999749015e+00 4.7270475476393203e+03 5.1210684545575041e+03
9.6999999999711157e+00 4.7870063241446232e+03 6.9764122795848252e+03
9.7999999999673300e+00 5.6001778610169140e+03 6.1755455445519792e+03
9.8999999999635442e+00 5.6826044950990963e+03 6.1522249709819307e+03
9.9999999999597584e+00 5.7841936229908724e+03 6.1050916997435988e+03
1.0099999999955973e+01 6.0370601570548388e+03 5.7983470252950929e+03
1.0199999999952187e+01 5.9627964234025740e+03 6.0424293854862926e+03
1.0299999999948401e+01 5.8605036055196315e+03 6.2755342914288804e+03
1.0399999999944615e+01 5.6438990253092179e+03 6.6103852893018093e+03
1.0499999999940830e+01 5.0992967941429015e+03 7.2243441439877197e+03
1.0599999999937044e+01 5.3522994413085125e+03 7.0176229934699686e+03
1.0699999999933258e+01 5.0260881608708505e+03 6.8073276135945307e+03
1.0799999999929472e+01 6.2012823583621039e+03 6.0735013973056630e+03
1.0899999999925686e+01 5.8427108003527592e+03 6.6424810986856337e+03
1.0999999999921901e+01 6.5024848738975570e+03 6.2383672924156563e+03
1.1099999999918115e+01 6.3148095255306180e+03 6.6914575832151004e+03
1.1199999999914329e+01 6.3377344612374773e+03 6.8192511923917509e+03
1.1299999999910543e+01 6.4119789729671447e+03 6.7567194701570852e+03
1.1399999999906758e+01 5.8476890143583823e+03 7.5799800838076262e+03
1.1499999999902972e+01 6.2917899065178663e+03 7.1126210834405847e+03
1.1599999999899186e+01 5.9891329613632570e+03 7.5264273785630803e+03
1.1699999999895400e+01 6.9520286689976929e+03 6.3778399105448689e+03
1.1799999999891615e+01 6.8840083868865677e+03 6.8086302583213010e+03
1.1899999999887829e+01 6.8884939761212308e+03 6.9100623194426571e+03
1.1999999999884043e+01 6.3689458450831326e+03 7.6863692190943102e+03
1.2099999999880257e+01 6.4717566724881945e+03 7.6446806322601687e+03
1.2199999999876471e+01 7.2375894434320708e+03 6.6866584869081898e+03
1.2299999999872686e+01 6.0225451752418785e+03 8.4890757989918784e+03
1.2399999999868900e+01 6.5164689463286413e+03 8.0215812673342234e+03
1.2499999999865114e+01 7.0098583746515178e+03 7.4831590977114602e+03
1.2599999999861328e+01 6.8816722649947860e+03 7.9569699487328171e+03
1.2699999999857543e+01 7.1991445529279799e+03 7.7076585405731203e+03
1.2799999999853757e+01 7.4691549560749490e+03 7.3771135216430430e+03
1.2899999999849971e+01 7.3835131803393106e+03 7.5773732366526101e+03
1.2999999999846185e+01 7.4258922817961957e+03 7.5781671600294312e+03
1.3099999999842399e+01 7.2769243857379124e+03 8.0539205743959456e+03
1.3199999999838614e+01 7.9551727948082571e+03 7.1893903144452152e+03
1.3299999999834828e+01 7.1844785209793145e+03 8.4274165778713887e+03
1.3399999999831042e+01 5.5806403844709830e+03 8.0713309496932407e+03
1.3499999999827256e+01 6.9016368765636880e+03 8.8657925366247309e+03
1.3599999999823471e+01 7.6881588632510684e+03 8.0236427307933382e+03
1.3699999999819685e+01 7.9136970554260788e+03 7.8788427752239195e+03
1.3799999999815899e+01 7.2202939334512857e+03 8.1236105494708518e+03
1.3899999999812113e+01 5.6123995401264947e+03 9.6005200419264165e+03
1.3999999999808328e+01 8.3743536418785134e+03 7.4092424358180770e+03
1.4099999999804542e+01 7.4676749985860824e+03 8.9820556897198330e+03
1.4199999999800756e+01 7.7995067509972696e+03 8.6919645215119308e+03
1.4299999999796970e+01 7.5529688058034299e+03 9.0471278165732092e+03
1.4399999999793184e+01 8.1596550371623280e+03 8.3692020045954250e+03
1.4499999999789399e+01 7.4967450199686118e+03 9.3002217147340762e+03
1.4599999999785613e+01 7.4039777442645973e+03 7.2934417472947343e+03
1.4699999999781827e+01 7.1008111394899215e+03 9.6438710524102698e+03
1.4799999999778041e+01 8.0741484718040338e+03 8.8839072217931698e+03
1.4899999999774256e+01 7.7142590572642503e+03 9.4295119733690863e+03
1.4999999999770470e+01 6.8358926919172245e+03 1.0216496681786997e+04
1.5099999999766684e+01 5.4145178378598393e+03 6.3670794916716368e+03
1.5199999999762898e+01 5.3520163752390226e+03 6.2458481874048312e+03
1.5299999999759113e+01 5.3014032144618750e+03 6.1709743845052053e+03
1.5399999999755327e+01 5.2546337983440453e+03 6.1050160499268150e+03
1.5499999999751541e+01 5.2203506201250784e+03 6.0577904346926425e+03
1.5599999999747755e+01 5.1961574946955388e+03 6.0249048602531857e+03
1.5699999999743969e+01 5.1793134390379510e+03 6.0022660363455007e+03
1.5799999999740184e+01 5.1687903544404953e+03 5.9882688065172624e+03
1.5899999999736398e+01 5.1616947578652216e+03 5.9789697480274126e+03
1.5999999999732612e+01 5.1564144616974763e+03 5.9721418400755529e+03
1.6099999999728826e+01 5.1523541865607567e+03 5.9669669298528534e+03
1.6199999999725041e+01 5.1492088095011222e+03 5.9629614979541748e+03
1.6299999999721255e+01 5.1469536818803253e+03 5.9600083097987917e+03
1.6399999999717469e+01 5.1451229444228147e+03 5.9576406859347389e+03
1.6499999999713683e+01 5.1435747270589909e+03 5.9556611103356536e+03
1.6599999999709897e+01 5.1422233456752701e+03 5.9539531897291108e+03
1.6699999999706112e+01 5.1410792173206200e+03 5.9525655528472871e+03
1.6799999999702326e+01 5.1400515562281853e+03 5.9513432951362311e+03
1.6899999999698540e+01 5.1391690201880338e+03 5.9503506739063150e+03
1.6999999999694754e+01 5.1384572380583977e+03 5.9496563861214036e+03
1.7099999999690969e+01 5.1377849792216857e+03 5.9490153850320112e+03
1.7199999999687183e+01 5.1371543260031276e+03 5.9484241843008049e+03
1.7299999999683397e+01 5.1365564749267169e+03 5.9478738879114590e+03
1.7399999999679611e+01 5.1359862105488673e+03 5.9473573693742337e+03
1.7499999999675826e+01 5.1354399126457438e+03 5.9468691658072321e+03
1.7599999999672040e+01 5.1349775237181075e+03 5.9464526494329284e+03
1.7699999999668254e+01 5.1347880716894124e+03 5.9462731300844916e+03
1.7799999999664468e+01 5.1346207255160361e+03 5.9461245467428189e+03
1.7899999999660682e+01 5.1344661708387130e+03 5.9459929436008488e+03
1.7999999999656897e+01 5.1343212717013357e+03 5.9458732880309708e+03
1.8099999999653111e+01 5.1341840386949343e+03 5.9457625105911875e+03
1.8199999999649325e+01 5.1340530877741967e+03 5.9456584899322816e+03
1.8299999999645539e+01 5.1339274016058343e+03 5.9455596898386129e+03
1.8399999999641754e+01 5.1338062596327100e+03 5.9454650267548941e+03
1.8499999999637968e+01 5.1336891102940554e+03 5.9453737062301861e+03
1.8599999999634182e+01 5.1335755077463209e+03 5.9452850928733542e+03
1.8699999999630396e+01 5.1334650982812500e+03 5.9451987052891063e+03
1.8799999999626611e+01 5.1333575915981555e+03 5.9451141660591502e+03
1.8899999999622825e+01 5.1332527221306818e+03 5.9450311046524348e+03
1.8999999999619039e+01 5.1331502423045713e+03 5.9449492111484678e+03
1.9099999999615253e+01 5.1330499952335367e+03 5.9448683237630694e+03
1.9199999999611467e+01 5.1329518292997054e+03 5.9447882737558448e+03
1.9299999999607682e+01 5.1328556100112382e+03 5.9447089205023867e+03
1.9399999999603896e+01 5.1327612339616262e+03 5.9446301621676002e+03
1.9499999999600110e+01 5.1326685838120602e+03 5.9445518952017610e+03
1.9599999999596324e+01 5.1325775647775718e+03 5.9444740324923978e+03
1.9699999999592539e+01 5.1324880890199820e+03 5.9443964744802415e+03
1.9799999999588753e+01 5.1324000850529546e+03 5.9443191814365082e+03
1.9899999999584967e+01 5.1323134915042829e+03 5.9442421024785344e+03
1.9999999999581181e+01 5.1322282292098389e+03 5.9441651845198912e+03
2.0099999999577395e+01 5.1321442513249358e+03 5.9440883937852022e+03
2.0199999999573610e+01 5.1320615195459177e+03 5.9440117265712388e+03
2.0299999999569824e+01 5.1319799769267574e+03 5.9439351382881587e+03
2.0399999999566038e+01 5.1319018950948503e+03 5.9438626335671606e+03
2.0499999999562252e+01 5.1318929737547378e+03 5.9439150681627179e+03
2.0599999999558467e+01 5.1318844046612248e+03 5.9439658658653270e+03
2.0699999999554681e+01 5.1318759252035907e+03 5.9440147901164028e+03
2.0799999999550895e+01 5.1318716433172976e+03 5.9440705765254406e+03
2.0899999999547109e+01 5.1318773843715817e+03 5.9441452138410077e+03
2.0999999999543324e+01 5.1318830159704958e+03 5.9442176666257792e+03
2.1099999999539538e+01 5.1318884525767889e+03 5.9442880024911074e+03
2.1199999999535752e+01 5.1318937552555208e+03 5.9443564050170207e+03
2.1299999999531966e+01 5.1318989122900430e+03 5.9444229183373300e+03
2.1399999999528180e+01 5.1319039088882118e+03 5.9444875435916765e+03
2.1499999999524395e+01 5.1319087623188125e+03 5.9445503618550829e+03
2.1599999999520609e+01 5.1319134712528294e+03 5.9446114130160986e+03
2.1699999999516823e+01 5.1319180510865890e+03 5.9446707548985314e+03
2.1799999999513037e+01 5.1319224987478501e+03 5.9447284322622900e+03
2.1899999999509252e+01 5.1319268210907694e+03 5.9447844833853615e+03
2.1999999999505466e+01 5.1319310422638027e+03 5.9448389848865099e+03
2.2099999999501680e+01 5.1319351688750958e+03 5.9448919795761185e+03
2.2199999999497894e+01 5.1319391905066477e+03 5.9449434839827391e+03
2.2299999999494108e+01 5.1319431265877365e+03 5.9449935693553152e+03
2.2399999999490323e+01 5.1319469813781425e+03 5.9450422644433111e+03
2.2499999999486537e+01 5.1319507632570030e+03 5.9450896130825258e+03
2.2599999999482751e+01 5.1319544869834299e+03 5.9451356845967202e+03
2.2699999999478965e+01 5.1319848781592400e+03 5.9452468149034894e+03
2.2799999999475180e+01 5.1320200831280963e+03 5.9453667411357346e+03
2.2899999999471394e+01 5.1320552230550520e+03 5.9454849873228432e+03
2.2999999999467608e+01 5.1320901217154715e+03 5.9456014199900237e+03
2.3099999999463822e+01 5.1321247334257077e+03 5.9457160477515517e+03
2.3199999999460037e+01 5.1321590325042825e+03 5.9458288731489329e+03
2.3299999999456251e+01 5.1321930080352204e+03 5.9459399108540256e+03
2.3399999999452465e+01 5.1322266640006956e+03 5.9460492174568462e+03
2.3499999999448679e+01 5.1322600215216089e+03 5.9461568260535851e+03
2.3599999999444893e+01 5.1322930785480548e+03 5.9462627715820163e+03
2.3699999999441108e+01 5.1323258602483911e+03 5.9463671173257435e+03
2.3799999999437322e+01 5.1323583665956703e+03 5.9464698929243723e+03
2.3899999999433536e+01 5.1323905954132424e+03 5.9465711265265772e+03
2.3999999999429750e+01 5.1324225618168157e+03 5.9466708670117005e+03
2.4099999999425965e+01 5.1324542917622330e+03 5.9467691887059109e+03
2.4199999999422179e+01 5.1324858251912092e+03 5.9468661784525475e+03
2.4299999999418393e+01 5.1325171340328434e+03 5.9469618099560421e+03
2.4399999999414607e+01 5.1325482385165142e+03 5.9470561094907380e+03
2.4499999999410822e+01 5.1325791240572271e+03 5.9471490932428169e+03
2.4599999999407036e+01 5.1325895126082260e+03 5.9472029433682046e+03
2.4699999999403250e+01 5.1325799838974026e+03 5.9472175636440406e+03
2.4799999999399464e+01 5.1325695153608167e+03 5.9472296285159400e+03
2.4899999999395678e+01 5.1325586096306470e+03 5.9472403687915721e+03
2.4999999999391893e+01 5.1325477688075143e+03 5.9472506349641862e+03
2.5099999999388107e+01 5.1325372916197584e+03 5.9472608634081307e+03
2.5199999999384321e+01 5.1325273308007218e+03 5.9472713080936292e+03
2.5299999999380535e+01 5.1325179424822663e+03 5.9472820850109765e+03
2.5399999999376750e+01 5.1325083060147253e+03 5.9472919078770938e+03
2.5499999999372964e+01 5.1324982448582632e+03 5.9473003240207699e+03
2.5599999999369178e+01 5.1324881315098946e+03 5.9473080312822758e+03
2.5699999999365392e+01 5.1324782385356730e+03 5.9473155174217418e+03
2.5799999999361606e+01 5.1324684784494821e+03 5.9473227107713628e+03
2.5899999999357821e+01 5.1324588463292957e+03 5.9473296450439002e+03
2.5999999999354035e+01 5.1324494185382382e+03 5.9473364473202746e+03
2.6099999999350249e+01 5.1324402436707496e+03 5.9473432195008836e+03
2.6199999999346463e+01 5.1324358247024857e+03 5.9473564781188807e+03
2.6299999999342678e+01 5.1324338202241806e+03 5.9473729453300002e+03
2.6399999999338892e+01 5.1324320513521197e+03 5.9473894041661697e+03
2.6499999999335106e+01 5.1324305727845767e+03 5.9474059220338231e+03
2.6599999999331320e+01 5.1324293613617619e+03 5.9474226139086250e+03
2.6699999999327535e+01 5.1324278128481819e+03 5.9474385505153668e+03
2.6799999999323749e+01 5.1324261314229816e+03 5.9474538667892757e+03
2.6899999999319963e+01 5.1324245204157933e+03 5.9474689502688670e+03
2.6999999999316177e+01 5.1324231038123216e+03 5.9474839998093566e+03
2.7099999999312391e+01 5.1324219466709947e+03 5.9474991266065281e+03
2.7199999999308606e+01 5.1324210979781810e+03 5.9475144096039276e+03
2.7299999999304820e+01 5.1324205710620936e+03 5.9475298784594106e+03
2.7399999999301034e+01 5.1324203934067536e+03 5.9475455718959174e+03
2.7499999999297248e+01 5.1324205109845061e+03 5.9475614224895298e+03
2.7599999999293463e+01 5.1324209168568168e+03 5.9475774259728851e+03
2.7699999999289677e+01 5.1324216236077418e+03 5.9475935971262006e+03
2.7799999999285891e+01 5.1324226352835676e+03 5.9476099425885177e+03
2.7899999999282105e+01 5.1324239534464668e+03 5.9476264694960755e+03
2.7999999999278320e+01 5.1324255750501306e+03 5.9476431773625509e+03
2.8099999999274534e+01 5.1324274977048817e+03 5.9476600629338946e+03
2.8199999999270748e+01 5.1324297249359724e+03 5.9476771385024686e+03
2.8299999999266962e+01 5.1324322466849144e+03 5.9476944107020854e+03
2.8399999999263176e+01 5.1324350565828363e+03 5.9477118601523498e+03
2.8499999999259391e+01 5.1324381616164292e+03 5.9477295104765844e+03
2.8599999999255605e+01 5.1324415590410999e+03 5.9477473615582749e+03
2.8699999999251819e+01 5.1324452331125431e+03 5.9477653940475320e+03
2.8799999999248033e+01 5.1324491970970557e+03 5.9477836206822349e+03
2.8899999999244248e+01 5.1324534261903218e+03 5.9478020267048405e+03
2.8999999999240462e+01 5.1324579216779912e+03 5.9478206125044389e+03
2.9099999999236676e+01 5.1324626887388158e+03 5.9478393814381579e+03
2.9199999999232890e+01 5.1324677052023826e+03 5.9478583276197623e+03
2.9299999999229104e+01 5.1324729753407864e+03 5.9478774492878792e+03
2.9399999999225319e+01 5.1324785019554456e+03 5.9478967525954122e+03
2.9499999999221533e+01 5.1324842834421379e+03 5.9479162334613620e+03
2.9599999999217747e+01 5.1324903024116129e+03 5.9479358742812983e+03
2.9699999999213961e+01 5.1324965553180209e+03 5.9479556851688549e+03
2.9799999999210176e+01 5.1325030318098452e+03 5.9479756538512502e+03
2.9899999999206390e+01 5.1325097404475391e+03 5.9479957776604615e+03
2.9999999999202604e+01 5.1325166819239857e+03 5.9480160588146009e+03
