0.0000000000000000e+00 1.2038678378643312e-14 8.9775469134172317e-15
1.0000000000000928e-01 3.7462332102206278e+03 1.1125560322291146e+03
1.9999999999998785e-01 3.7707214939755613e+03 1.1337296066843608e+03
3.0000000000001847e-01 3.7617213017447871e+03 1.1240831393628023e+03
4.0000000000011848e-01 3.7595624969549744e+03 1.1239731828777606e+03
5.0000000000021849e-01 3.7597789374707045e+03 1.1243377685523028e+03
6.0000000000031850e-01 3.7625333992259043e+03 1.1238420332949106e+03
7.0000000000041851e-01 3.7656394115399626e+03 1.1237907985162378e+03
8.0000000000051852e-01 3.7687575706031494e+03 1.1244204801746228e+03
9.0000000000061853e-01 3.7712108350939634e+03 1.1250049285056768e+03
1.0000000000007185e+00 3.7728031765040669e+03 1.1251905042065173e+03
1.1000000000002634e+00 3.7740226389229229e+03 1.1253680285522191e+03
1.1999999999998083e+00 3.7749652203143924e+03 1.1255500797081233e+03
1.2999999999993532e+00 3.7757004446423848e+03 1.1257350824457230e+03
1.3999999999988981e+00 3.7763061461331745e+03 1.1259424942540447e+03
1.4999999999984430e+00 3.7768291552349619e+03 1.1261730306233057e+03
1.5999999999979879e+00 3.7772837047545718e+03 1.1264165424601445e+03
1.6999999999975328e+00 3.7776932153990961e+03 1.1266772790510336e+03
1.7999999999970777e+00 3.7780763046326892e+03 1.1269585286999591e+03
1.8999999999966226e+00 3.7783832747019810e+03 1.1271093780969120e+03
1.9999999999961675e+00 3.7784404807211181e+03 1.1270938841880140e+03
2.0999999999968226e+00 4.0066497796556882e+03 1.4907212288989251e+03
2.1999999999974778e+00 4.0286427089375920e+03 1.4934107112841384e+03
2.2999999999981329e+00 4.0604717417233319e+03 1.5174284372591339e+03
2.3999999999987880e+00 4.0732399956100307e+03 1.5424944031695586e+03
2.4999999999994431e+00 4.1046785173892749e+03 1.5954672583792519e+03
2.6000000000000982e+00 4.1274956090995893e+03 1.6253395885838449e+03
2.7000000000007534e+00 4.1374453599969602e+03 1.6412804975474260e+03
2.8000000000014085e+00 4.1529406436179816e+03 1.6748158814431636e+03
2.9000000000020636e+00 4.1760702536952867e+03 1.7144082806970714e+03
3.0000000000027187e+00 4.2086630104875512e+03 1.7606182659720314e+03
3.1000000000033738e+00 4.2253426630863105e+03 1.7936210031030257e+03
3.2000000000040290e+00 4.2539177308099779e+03 1.7952044100860148e+03
3.3000000000046841e+00 4.2939639468323285e+03 1.8230393842561248e+03
3.4000000000053392e+00 4.3573092210519781e+03 1.9187116770330549e+03
3.5000000000059943e+00 4.3987395389411931e+03 1.9672609379937560e+03
3.6000000000066494e+00 4.4343787712053536e+03 2.0091759446577666e+03
3.7000000000073046e+00 4.4600203019872861e+03 2.0533529220758946e+03
3.8000000000079597e+00 4.4291607150475747e+03 1.9733387854437931e+03
3.9000000000086148e+00 4.4660927432872068e+03 1.9419789545458245e+03
4.0000000000092699e+00 4.5165771391789167e+03 2.0137085235499510e+03
4.1000000000099250e+00 4.5510817708006725e+03 2.0609078819342285e+03
4.2000000000105802e+00 4.5313872165273542e+03 2.0466394697872556e+03
4.3000000000112353e+00 4.5691693428299195e+03 2.0700514198515330e+03
4.4000000000118904e+00 4.6017409720224205e+03 2.0078597072069426e+03
4.5000000000125455e+00 4.5933956160740363e+03 1.9043890539631866e+03
4.6000000000132006e+00 4.7650609641946776e+03 2.0086916527573173e+03
4.7000000000138558e+00 4.9424104051997328e+03 2.1911209242141713e+03
4.8000000000145109e+00 4.8512040578545812e+03 2.2214815317232024e+03
4.9000000000151660e+00 4.9346538295617456e+03 2.2620189409571271e+03
5.0000000000158211e+00 4.8930743308792953e+03 2.1841264629688976e+03
5.1000000000164762e+00 4.6446252670684607e+03 1.9646734000669783e+03
5.2000000000171314e+00 5.0616937315228815e+03 2.1759454572679874e+03
5.3000000000177865e+00 5.1653736346511214e+03 2.1329886660182669e+03
5.4000000000184416e+00 5.0519090420002603e+03 2.1000737796476387e+03
5.5000000000190967e+00 5.1447459557452494e+03 2.2876332168470558e+03
5.6000000000197518e+00 5.1529193114837417e+03 2.3080744658535486e+03
5.7000000000204070e+00 5.1826630611662094e+03 2.2577997454546853e+03
5.8000000000210621e+00 5.2386564185087154e+03 2.1587596215411072e+03
5.9000000000217172e+00 5.2637389224675107e+03 2.2087905580405554e+03
6.0000000000223723e+00 5.2859593699612069e+03 2.2668226116495503e+03
6.1000000000230274e+00 5.3085782196447672e+03 2.3123513415876023e+03
6.2000000000236826e+00 5.3034952283618268e+03 2.4341244496076724e+03
6.3000000000243377e+00 5.2148056314804926e+03 2.3597839120734070e+03
6.4000000000249928e+00 5.3100486452037003e+03 2.6055373227697019e+03
6.5000000000256479e+00 5.3435341315498117e+03 2.5628738857492003e+03
6.6000000000263030e+00 5.3831411152796582e+03 2.5126874639584316e+03
6.7000000000269582e+00 5.3925897944686340e+03 2.6055260196751283e+03
6.8000000000276133e+00 5.5297540291259847e+03 2.4775204355285109e+03
6.9000000000282684e+00 5.6172013757334635e+03 2.3294056849181934e+03
7.0000000000289235e+00 5.4872689606498625e+03 2.4482063823035201e+03
7.1000000000295787e+00 5.6059578331108860e+03 2.5335178391668978e+03
7.2000000000302338e+00 5.4681016772062676e+03 3.0455692364742763e+03
7.3000000000308889e+00 5.7070311647781946e+03 2.2705107827573079e+03
7.4000000000315440e+00 5.7423852748610552e+03 2.2703986435132683e+03
7.5000000000321991e+00 5.7605352185989832e+03 2.3790216284673011e+03
7.6000000000328543e+00 5.6487154001472591e+03 2.5762335182453539e+03
7.7000000000335094e+00 5.8177712418757483e+03 2.5256988452795285e+03
7.8000000000341645e+00 5.8500074575148428e+03 2.5136973254235727e+03
7.9000000000348196e+00 5.8775077957580097e+03 2.6148347591069210e+03
8.0000000000354738e+00 5.9872878158238036e+03 2.4059901938435364e+03
8.1000000000316881e+00 5.9302844024838078e+03 2.9044077545329837e+03
8.2000000000279023e+00 5.8981560664868648e+03 3.1530157253442330e+03
8.3000000000241165e+00 6.0268596469330405e+03 2.7859107814454469e+03
8.4000000000203308e+00 3.1259827408246233e+03 4.7252566705134132e+03
8.5000000000165450e+00 5.3819836515045117e+03 3.5820431872114482e+03
8.6000000000127592e+00 5.1507137008093414e+03 5.0653062164215189e+03
8.7000000000089734e+00 6.1105947981640165e+03 2.7992564014573613e+03
8.8000000000051877e+00 6.1324467480633266e+03 2.8616065449268044e+03
8.9000000000014019e+00 4.5016140707110262e+03 4.2440888047389562e+03
8.9999999999976161e+00 5.8158054855150640e+03 3.9296507542653685e+03
9.0999999999938304e+00 4.8651065138923150e+03 4.1978288089869102e+03
9.1999999999900446e+00 6.4008377989266010e+03 2.6358721982867951e+03
9.2999999999862588e+00 6.4664349255399629e+03 2.5752326458009188e+03
9.3999999999824730e+00 4.5571212495451218e+03 5.7101642756108367e+03
9.4999999999786873e+00 6.0542762109723844e+03 4.1894707383261439e+03
9.5999999999749015e+00 5.2254918566141605e+03 5.7756735190230256e+03
9.6999999999711157e+00 6.2415483317715698e+03 3.8751631488492112e+03
9.7999999999673300e+00 6.6105168419943266e+03 2.7263848427459711e+03
9.8999999999635442e+00 6.1514938197140491e+03 4.0794437413138903e+03
9.9999999999597584e+00 6.5449708749637375e+03 3.4459965380304766e+03
1.0099999999955973e+01 6.7979934485918475e+03 2.6212105654675929e+03
1.0199999999952187e+01 6.2508613224240889e+03 4.2968957025393884e+03
1.0299999999948401e+01 6.7795413329737967e+03 3.1271882769071085e+03
1.0399999999944615e+01 6.1966271065894043e+03 4.8996522996044105e+03
1.0499999999940830e+01 6.0927407435356990e+03 4.0808569105912293e+03
1.0599999999937044e+01 6.5724418550785012e+03 4.2244759579129750e+03
1.0699999999933258e+01 5.7977135164614929e+03 5.7781629302078409e+03
1.0799999999929472e+01 6.9145335363694521e+03 3.6109899730225948e+03
1.0899999999925686e+01 6.9605500372454044e+03 3.8809654126231612e+03
1.0999999999921901e+01 7.4765751808129935e+03 3.2922768928142023e+03
1.1099999999918115e+01 7.2895800182832336e+03 4.1733286103363243e+03
1.1199999999914329e+01 7.5642406219260392e+03 3.5139403519884690e+03
1.1299999999910543e+01 7.5870633572689449e+03 3.5922795895142167e+03
1.1399999999906758e+01 6.3496227094001961e+03 5.7787143532825712e+03
1.1499999999902972e+01 7.5281380376044362e+03 4.2380843867918911e+03
1.1599999999899186e+01 7.7514408638864625e+03 3.7916250134703978e+03
1.1699999999895400e+01 7.7741469867208780e+03 4.1836978812269963e+03
1.1799999999891615e+01 7.7031503380020695e+03 4.8246694444139612e+03
1.1899999999887829e+01 8.1660413254182095e+03 3.7194396350247202e+03
1.1999999999884043e+01 8.1275196866254819e+03 4.1543392929555912e+03
1.2099999999880257e+01 7.8947289319842948e+03 4.8860354878386815e+03
1.2199999999876471e+01 8.5053576755373269e+03 3.4726587677973562e+03
1.2299999999872686e+01 8.3995309383685544e+03 4.4635715777940195e+03
1.2399999999868900e+01 8.5178110152314985e+03 4.4216413060196228e+03
1.2499999999865114e+01 8.4947365271956769e+03 4.8525724711650937e+03
1.2599999999861328e+01 8.5719367068269403e+03 5.1181772795032421e+03
1.2699999999857543e+01 8.9732690306370005e+03 4.3917480712486295e+03
1.2799999999853757e+01 8.6289784361688999e+03 5.7240538400450587e+03
1.2899999999849971e+01 5.5360866665443928e+03 8.1945040251508926e+03
1.2999999999846185e+01 9.0983809413756026e+03 4.7448952176824505e+03
1.3099999999842399e+01 7.7791054823122395e+03 5.4514708842801692e+03
1.3199999999838614e+01 9.4560649929194369e+03 4.6284652104532897e+03
1.3299999999834828e+01 9.5471398383110572e+03 4.7756316378668580e+03
1.3399999999831042e+01 9.2859221676717279e+03 5.8506328151473026e+03
1.3499999999827256e+01 8.5913433939724891e+03 6.1066688549622768e+03
1.3599999999823471e+01 9.5120157974135655e+03 5.7869178864262058e+03
1.3699999999819685e+01 9.9234237546634176e+03 5.3165428510196361e+03
1.3799999999815899e+01 9.0262461408368727e+03 6.8890448951915796e+03
1.3899999999812113e+01 9.4616045204948259e+03 6.7573595541308187e+03
1.3999999999808328e+01 1.0255770571042312e+04 5.1953626744265212e+03
1.4099999999804542e+01 1.0231075164849848e+04 5.8802818219225810e+03
1.4199999999800756e+01 1.0529475079768959e+04 5.6121290307578565e+03
1.4299999999796970e+01 1.0513040755088761e+04 6.1724990880292871e+03
1.4399999999793184e+01 1.0794587939349512e+04 5.7709093453373207e+03
1.4499999999789399e+01 8.3229101121856420e+03 1.0189043657669094e+04
1.4599999999785613e+01 1.0975034404295613e+04 5.9794943485219164e+03
1.4699999999781827e+01 1.0929194678948168e+04 6.5267592778064736e+03
1.4799999999778041e+01 1.1112263597882855e+04 6.6722666396673740e+03
1.4899999999774256e+01 1.0803378415530511e+04 7.5382054774489516e+03
1.4999999999770470e+01 1.1182023214216539e+04 7.3664130185515069e+03
1.5099999999766684e+01 5.7107208819158495e+03 2.4952569375817475e+03
1.5199999999762898e+01 5.6820992702535577e+03 2.5226648259514936e+03
1.5299999999759113e+01 5.6739798375901782e+03 2.5306379107296411e+03
1.5399999999755327e+01 5.6702540637791735e+03 2.5349264706777317e+03
1.5499999999751541e+01 5.6682905628662684e+03 2.5379389576967396e+03
1.5599999999747755e+01 5.6672374915669461e+03 2.5399644117312041e+03
1.5699999999743969e+01 5.6666859446737135e+03 2.5414552033076466e+03
1.5799999999740184e+01 5.6666882683647036e+03 2.5428815312816555e+03
1.5899999999736398e+01 5.6669724775188333e+03 2.5441112137343789e+03
1.5999999999732612e+01 5.6673610598327032e+03 2.5450913562325545e+03
1.6099999999728826e+01 5.6678148508112345e+03 2.5458963100221736e+03
1.6199999999725041e+01 5.6683126060654922e+03 2.5464296752105834e+03
1.6299999999721255e+01 5.6687873131175684e+03 2.5465997842213487e+03
1.6399999999717469e+01 5.6692530573247986e+03 2.5467708475350905e+03
1.6499999999713683e+01 5.6697156796282597e+03 2.5469251784243229e+03
1.6599999999709897e+01 5.6701732840720142e+03 2.5470647041997663e+03
1.6699999999706112e+01 5.6704304118401633e+03 2.5470620672731588e+03
1.6799999999702326e+01 5.6706579489499272e+03 2.5470365998749917e+03
1.6899999999698540e+01 5.6708055142525218e+03 2.5469935403820332e+03
1.6999999999694754e+01 5.6708710059054483e+03 2.5469962540078750e+03
1.7099999999690969e+01 5.6709408907145698e+03 2.5470080738110005e+03
1.7199999999687183e+01 5.6710096745380415e+03 2.5470170859406207e+03
1.7299999999683397e+01 5.6710774067076418e+03 2.5470247379193870e+03
1.7399999999679611e+01 5.6711313534913988e+03 2.5470242151848147e+03
1.7499999999675826e+01 5.6711640558582585e+03 2.5470117827023068e+03
1.7599999999672040e+01 5.6711999866903179e+03 2.5469501946254445e+03
1.7699999999668254e+01 5.6712398875096897e+03 2.5467319589166550e+03
1.7799999999664468e+01 5.6712828576094580e+03 2.5465125825884434e+03
1.7899999999660682e+01 5.6713282807798687e+03 2.5462881115569921e+03
1.7999999999656897e+01 5.6713755930547741e+03 2.5460584537934810e+03
1.8099999999653111e+01 5.6714244931836438e+03 2.5458238796428127e+03
1.8199999999649325e+01 5.6714747857600969e+03 2.5455847393658478e+03
1.8299999999645539e+01 5.6715262988730083e+03 2.5453413251311899e+03
1.8399999999641754e+01 5.6715788860912180e+03 2.5450939136976936e+03
1.8499999999637968e+01 5.6716324210598641e+03 2.5448427780104325e+03
1.8599999999634182e+01 5.6716868097590432e+03 2.5445881942511724e+03
1.8699999999630396e+01 5.6717419662324828e+03 2.5443304068172752e+03
1.8799999999626611e+01 5.6717978146067799e+03 2.5440696360538873e+03
1.8899999999622825e+01 5.6718543166948293e+03 2.5438061474467499e+03
1.8999999999619039e+01 5.6719114208582314e+03 2.5435401901097966e+03
1.9099999999615253e+01 5.6719690662233897e+03 2.5432719688238326e+03
1.9199999999611467e+01 5.6720272000195073e+03 2.5430016836670611e+03
1.9299999999607682e+01 5.6720857779808448e+03 2.5427295338000486e+03
1.9399999999603896e+01 5.6721447532465645e+03 2.5424556946185621e+03
1.9499999999600110e+01 5.6722040854096103e+03 2.5421803325617157e+03
1.9599999999596324e+01 5.6722637407688126e+03 2.5419036233032061e+03
1.9699999999592539e+01 5.6723236940156294e+03 2.5416257388552694e+03
1.9799999999588753e+01 5.6723839131538589e+03 2.5413468189013088e+03
1.9899999999584967e+01 5.6724443692549357e+03 2.5410670137593065e+03
1.9999999999581181e+01 5.6725050413838580e+03 2.5407864627742356e+03
2.0099999999577395e+01 5.6725659011866255e+03 2.5405052932135413e+03
2.0199999999573610e+01 5.6726269219768910e+03 2.5402236460045442e+03
2.0299999999569824e+01 5.6726880831961244e+03 2.5399416245963462e+03
2.0399999999566038e+01 5.6727494349123936e+03 2.5396606771069091e+03
2.0499999999562252e+01 5.6728119843797158e+03 2.5394190557100274e+03
2.0599999999558467e+01 5.6728745180601281e+03 2.5391771514102329e+03
2.0699999999554681e+01 5.6729370567691531e+03 2.5389349212606126e+03
2.0799999999550895e+01 5.6729997453712485e+03 2.5386955175242560e+03
2.0899999999547109e+01 5.6730626812223445e+03 2.5384632690089788e+03
2.0999999999543324e+01 5.6731256409639736e+03 2.5382307516413030e+03
2.1099999999539538e+01 5.6731885537861181e+03 2.5379980174493044e+03
2.1199999999535752e+01 5.6732513349738965e+03 2.5377651110729262e+03
2.1299999999531966e+01 5.6733140109414080e+03 2.5375321169649696e+03
2.1399999999528180e+01 5.6733765918900144e+03 2.5372991371512380e+03
2.1499999999524395e+01 5.6734390643993866e+03 2.5370662383033932e+03
2.1599999999520609e+01 5.6735014322467850e+03 2.5368335180525651e+03
2.1699999999516823e+01 5.6735636901571770e+03 2.5366010464588358e+03
2.1799999999513037e+01 5.6736258294300196e+03 2.5363689013960657e+03
2.1899999999509252e+01 5.6736878494768089e+03 2.5361371522454328e+03
2.1999999999505466e+01 5.6737497321239225e+03 2.5359058678229521e+03
2.2099999999501680e+01 5.6738114721470984e+03 2.5356750956955134e+03
2.2199999999497894e+01 5.6738730667380623e+03 2.5354448955068610e+03
2.2299999999494108e+01 5.6739345013185257e+03 2.5352153395004493e+03
2.2399999999490323e+01 5.6739957721081137e+03 2.5349864655735819e+03
2.2499999999486537e+01 5.6740568730300711e+03 2.5347583276642417e+03
2.2599999999482751e+01 5.6741177842163152e+03 2.5345309600747282e+03
2.2699999999478965e+01 5.6741784801753784e+03 2.5343154411730961e+03
2.2799999999475180e+01 5.6742389634188203e+03 2.5341025056711319e+03
2.2899999999471394e+01 5.6742992259425810e+03 2.5338904123629718e+03
2.2999999999467608e+01 5.6743592827164703e+03 2.5336791685317321e+03
2.3099999999463822e+01 5.6744191185318268e+03 2.5334687957729361e+03
2.3199999999460037e+01 5.6744787347793645e+03 2.5332593247244272e+03
2.3299999999456251e+01 5.6745381281410919e+03 2.5330507810166082e+03
2.3399999999452465e+01 5.6745972922216606e+03 2.5328431869010524e+03
2.3499999999448679e+01 5.6746562236409491e+03 2.5326365874048843e+03
2.3599999999444893e+01 5.6747149193780897e+03 2.5324310075975272e+03
2.3699999999441108e+01 5.6747733674440715e+03 2.5322264814158211e+03
2.3799999999437322e+01 5.6748315650399481e+03 2.5320230237558544e+03
2.3899999999433536e+01 5.6748895130424225e+03 2.5318206695618678e+03
2.3999999999429750e+01 5.6749471979752125e+03 2.5316194179097338e+03
2.4099999999425965e+01 5.6750046114310362e+03 2.5314193456591861e+03
2.4199999999422179e+01 5.6750617514997648e+03 2.5312204639899464e+03
2.4299999999418393e+01 5.6751186186752766e+03 2.5310227544694949e+03
2.4399999999414607e+01 5.6751752204984969e+03 2.5308262563878834e+03
2.4499999999410822e+01 5.6752315463152399e+03 2.5306309637584527e+03
2.4599999999407036e+01 5.6752870892411920e+03 2.5304185276236003e+03
2.4699999999403250e+01 5.6753417080745503e+03 2.5301882314947670e+03
2.4799999999399464e+01 5.6753960340445574e+03 2.5299583976754743e+03
2.4899999999395678e+01 5.6754500971521138e+03 2.5297298135542728e+03
2.4999999999391893e+01 5.6755038744215744e+03 2.5295028258019038e+03
2.5099999999388107e+01 5.6755573624207900e+03 2.5292776315267465e+03
2.5199999999384321e+01 5.6756105444047662e+03 2.5290543129090606e+03
2.5299999999380535e+01 5.6756634091695132e+03 2.5288328981405198e+03
2.5399999999376750e+01 5.6757158374877545e+03 2.5286135918644918e+03
2.5499999999372964e+01 5.6757677660770132e+03 2.5283964725355727e+03
2.5599999999369178e+01 5.6758192663916316e+03 2.5281814367142028e+03
2.5699999999365392e+01 5.6758703964889319e+03 2.5279684406735623e+03
2.5799999999361606e+01 5.6759212302142787e+03 2.5277573949938828e+03
2.5899999999357821e+01 5.6759718232968480e+03 2.5275483162118021e+03
2.5999999999354035e+01 5.6760221786849197e+03 2.5273411578792852e+03
2.6099999999350249e+01 5.6760722855420236e+03 2.5271359103567838e+03
2.6199999999346463e+01 5.6761221865005427e+03 2.5269342225257583e+03
2.6299999999342678e+01 5.6761718691454471e+03 2.5267352630954242e+03
2.6399999999338892e+01 5.6762212939681322e+03 2.5265381710940046e+03
2.6499999999335106e+01 5.6762704670477760e+03 2.5263429754285366e+03
2.6599999999331320e+01 5.6763193915735701e+03 2.5261496692586456e+03
2.6699999999327535e+01 5.6763679706786261e+03 2.5259583746149542e+03
2.6799999999323749e+01 5.6764162051629028e+03 2.5257690992574690e+03
2.6899999999319963e+01 5.6764641295649617e+03 2.5255817793752326e+03
2.6999999999316177e+01 5.6765117607860839e+03 2.5253963579298688e+03
2.7099999999312391e+01 5.6765591100334314e+03 2.5252128219698075e+03
2.7199999999308606e+01 5.6766061833816857e+03 2.5250311342134569e+03
2.7299999999304820e+01 5.6766529978475373e+03 2.5248512931085538e+03
2.7399999999301034e+01 5.6766995552360986e+03 2.5246733001483503e+03
2.7499999999297248e+01 5.6767458561480253e+03 2.5244971124221302e+03
2.7599999999293463e+01 5.6767919000140146e+03 2.5243227173091313e+03
2.7699999999289677e+01 5.6768376811773524e+03 2.5241501022181187e+03
2.7799999999285891e+01 5.6768831994735319e+03 2.5239792541754696e+03
2.7899999999282105e+01 5.6769284503234003e+03 2.5238101735054961e+03
2.7999999999278320e+01 5.6769734334471450e+03 2.5236428378365940e+03
2.8099999999274534e+01 5.6770181457231893e+03 2.5234772305420265e+03
2.8199999999270748e+01 5.6770625891974769e+03 2.5233133508745750e+03
2.8299999999266962e+01 5.6771067564695522e+03 2.5231511852089966e+03
2.8399999999263176e+01 5.6771506535262315e+03 2.5229907248002110e+03
2.8499999999259391e+01 5.6771942672405557e+03 2.5228319573966141e+03
2.8599999999255605e+01 5.6772375952613529e+03 2.5226748564012159e+03
2.8699999999251819e+01 5.6772806465445137e+03 2.5225194136665082e+03
2.8799999999248033e+01 5.6773234166343591e+03 2.5223656201251315e+03
2.8899999999244248e+01 5.6773658995606329e+03 2.5222134547062506e+03
2.8999999999240462e+01 5.6774080978703159e+03 2.5220629104280724e+03
2.9099999999236676e+01 5.6774500143493951e+03 2.5219139779063003e+03
2.9199999999232890e+01 5.6774916430993035e+03 2.5217666468650677e+03
2.9299999999229104e+01 5.6775329884829625e+03 2.5216209077552080e+03
2.9399999999225319e+01 5.6775740417719380e+03 2.5214767225838582e+03
2.9499999999221533e+01 5.6776148065638463e+03 2.5213340931106277e+03
2.9599999999217747e+01 5.6776552881524676e+03 2.5211930100890536e+03
2.9699999999213961e+01 5.6776954781352979e+03 2.5210534617888502e+03
2.9799999999210176e+01 5.6777353833155667e+03 2.5209154127374068e+03
2.9899999999206390e+01 5.6777750038662598e+03 2.5207788631658464e+03
2.9999999999202604e+01 5.6778143349459806e+03 2.5206437941932213e+03
