0.0000000000000000e+00 7.2833451776787488e-15 8.5694173958107439e-15
1.0000000000000928e-01 2.7679766950575531e+03 2.3504307153689447e+03
1.9999999999998785e-01 2.8315691596808429e+03 2.4596079862652564e+03
3.0000000000001847e-01 2.8490138192765944e+03 2.4116964014173977e+03
4.0000000000011848e-01 2.8624796476258944e+03 2.3913242935241274e+03
5.0000000000021849e-01 2.8730555420470778e+03 2.3833485016095469e+03
6.0000000000031850e-01 2.8906653368015964e+03 2.3933193359464349e+03
7.0000000000041851e-01 2.9058544198947834e+03 2.4052954836070694e+03
8.0000000000051852e-01 2.9172609976883778e+03 2.4167616537093431e+03
9.0000000000061853e-01 2.9254998842760660e+03 2.4257094839301412e+03
1.0000000000007185e+00 2.9311198874703719e+03 2.4320049407152505e+03
1.1000000000002634e+00 2.9352562320599545e+03 2.4369092766844192e+03
1.1999999999998083e+00 2.9383423297580875e+03 2.4407169294805335e+03
1.2999999999993532e+00 2.9406808418038227e+03 2.4436644051075500e+03
1.3999999999988981e+00 2.9425042639770113e+03 2.4460021420425296e+03
1.4999999999984430e+00 2.9439602637142048e+03 2.4478864597054612e+03
1.5999999999979879e+00 2.9451176933891779e+03 2.4494158562498128e+03
1.6999999999975328e+00 2.9460533487934317e+03 2.4506863679043317e+03
1.7999999999970777e+00 2.9468283268821006e+03 2.4517645872903995e+03
1.8999999999966226e+00 2.9474370767572500e+03 2.4526238990636703e+03
1.9999999999961675e+00 2.9476460039863641e+03 2.4528197524669408e+03
2.0999999999968226e+00 3.3684128855149911e+03 3.0280894098147087e+03
2.1999999999974778e+00 3.3367402416930913e+03 2.9875653898142155e+03
2.2999999999981329e+00 3.3654487005021574e+03 2.9785586531114268e+03
2.3999999999987880e+00 3.3949401355307537e+03 2.9345657458619467e+03
2.4999999999994431e+00 3.4303548897928995e+03 2.9003132995992228e+03
2.6000000000000982e+00 3.4625936447585268e+03 2.8721005351674107e+03
2.7000000000007534e+00 3.4960476982232808e+03 2.8505193522928216e+03
2.8000000000014085e+00 3.5209409616997759e+03 2.8323447785053909e+03
2.9000000000020636e+00 3.5447965841708578e+03 2.8297745541584686e+03
3.0000000000027187e+00 3.5763189330730256e+03 2.8487310597303322e+03
3.1000000000033738e+00 3.6127380535893408e+03 2.8987226942148254e+03
3.2000000000040290e+00 3.6813191717290756e+03 3.0182487932906029e+03
3.3000000000046841e+00 3.7086786792515022e+03 3.0855818298222371e+03
3.4000000000053392e+00 3.6318853161622164e+03 2.9284244255279518e+03
3.5000000000059943e+00 3.5860901235158390e+03 2.8386708546677996e+03
3.6000000000066494e+00 3.5662718528374917e+03 2.7904215982926908e+03
3.7000000000073046e+00 3.5789621234864462e+03 2.7637142546081323e+03
3.8000000000079597e+00 3.6149200490485732e+03 2.7716025380219180e+03
3.9000000000086148e+00 3.6134901557208559e+03 2.7933915651824559e+03
4.0000000000092699e+00 3.6342923336628360e+03 2.8282387592795180e+03
4.1000000000099250e+00 3.6461888319591417e+03 2.8266046246287365e+03
4.2000000000105802e+00 3.6814696974005456e+03 2.8267838816399940e+03
4.3000000000112353e+00 3.6772625105379461e+03 2.8292641239260147e+03
4.4000000000118904e+00 3.6639481037132864e+03 2.7838962444499175e+03
4.5000000000125455e+00 3.6696739961357243e+03 2.7807645219707138e+03
4.6000000000132006e+00 3.6807142883228926e+03 2.7069686317491892e+03
4.7000000000138558e+00 3.6673305720655671e+03 2.7179651902498940e+03
4.8000000000145109e+00 3.6712913421808753e+03 2.7209379987461484e+03
4.9000000000151660e+00 3.7242693626971186e+03 2.8340057212562369e+03
5.0000000000158211e+00 3.6856045302763127e+03 2.8808880364060556e+03
5.1000000000164762e+00 3.7502404057021758e+03 2.7031745671271101e+03
5.2000000000171314e+00 3.7099379328678724e+03 2.7057724865667869e+03
5.3000000000177865e+00 3.7233076019252358e+03 2.7560656059243520e+03
5.4000000000184416e+00 3.8077333486089751e+03 3.0766027338497088e+03
5.5000000000190967e+00 3.8672902859849928e+03 3.6271414304713435e+03
5.6000000000197518e+00 3.7905408276379321e+03 4.3961260475161453e+03
5.7000000000204070e+00 3.7582928803266932e+03 4.4154456847681467e+03
5.8000000000210621e+00 3.8623113993237844e+03 4.3450220688070340e+03
5.9000000000217172e+00 3.9716371480991456e+03 4.2232405711173124e+03
6.0000000000223723e+00 3.9438915605068455e+03 4.2678457738653033e+03
6.1000000000230274e+00 3.9599979672570798e+03 4.2510779564354507e+03
6.2000000000236826e+00 4.0947593652839014e+03 4.0567170338085916e+03
6.3000000000243377e+00 4.0420207930988026e+03 4.1500163237291990e+03
6.4000000000249928e+00 4.1201847599172806e+03 4.0386829952353728e+03
6.5000000000256479e+00 4.0463915846888463e+03 4.1717269827421305e+03
6.6000000000263030e+00 4.1558116874448469e+03 4.0149959862583614e+03
6.7000000000269582e+00 4.1095400435641350e+03 4.1516510135440813e+03
6.8000000000276133e+00 4.0711455126139304e+03 4.2500725301796438e+03
6.9000000000282684e+00 4.2501992010344202e+03 3.9700044046861349e+03
7.0000000000289235e+00 4.1175153639429218e+03 4.1984340772593223e+03
7.1000000000295787e+00 4.1405102389395643e+03 4.1554214419371347e+03
7.2000000000302338e+00 4.0890899261252976e+03 4.2795846329502301e+03
7.3000000000308889e+00 4.2617590429907832e+03 4.0293337686446403e+03
7.4000000000315440e+00 4.2423058678784946e+03 4.0894280354705047e+03
7.5000000000321991e+00 4.2120701059091271e+03 4.1616702161217772e+03
7.6000000000328543e+00 4.2480501582554571e+03 4.1204408364086357e+03
7.7000000000335094e+00 4.3289769320608402e+03 4.0014694487736128e+03
7.8000000000341645e+00 4.1700583816995659e+03 4.2931929652005538e+03
7.9000000000348196e+00 4.3545058355754263e+03 4.0643958020552627e+03
8.0000000000354738e+00 4.2930993947602065e+03 4.1931192696550870e+03
8.1000000000316881e+00 4.2905274487010884e+03 4.2087677364858391e+03
8.2000000000279023e+00 4.2203308854770103e+03 4.2691358487297175e+03
8.3000000000241165e+00 4.3172994487719488e+03 4.1862253665266671e+03
8.4000000000203308e+00 4.3528096065335994e+03 4.1531220270881649e+03
8.5000000000165450e+00 4.4142755619726449e+03 4.0744357832973410e+03
8.6000000000127592e+00 4.2543502329463299e+03 4.3686109834855552e+03
8.7000000000089734e+00 4.4513496951207871e+03 4.0684799594605242e+03
8.8000000000051877e+00 4.3915100470273001e+03 4.1942894326678306e+03
8.9000000000014019e+00 4.5458203095754852e+03 3.9404381593344870e+03
8.9999999999976161e+00 4.4300137549349602e+03 4.1716149240220257e+03
9.0999999999938304e+00 4.3931738773171273e+03 4.2550183801654321e+03
9.1999999999900446e+00 4.4484734956050715e+03 4.1823429191509522e+03
9.2999999999862588e+00 4.4149721265203043e+03 4.2606049217573855e+03
9.3999999999824730e+00 4.4434695680050390e+03 4.2385231873100729e+03
9.4999999999786873e+00 4.4760733706678866e+03 4.2049133851249617e+03
9.5999999999749015e+00 4.4239028180673458e+03 4.3149907767208233e+03
9.6999999999711157e+00 4.6579378562714128e+03 3.9090576152311396e+03
9.7999999999673300e+00 4.4292665303029989e+03 4.3470310614119462e+03
9.8999999999635442e+00 4.3198906385203700e+03 4.5283941080513250e+03
9.9999999999597584e+00 4.3664658333019634e+03 4.2040151884054148e+03
1.0099999999955973e+01 4.3091793929641353e+03 4.2782426803394064e+03
1.0199999999952187e+01 4.5481927775031272e+03 4.2240918737344346e+03
1.0299999999948401e+01 4.5437743122064912e+03 4.2554947475291729e+03
1.0399999999944615e+01 4.5693199641147276e+03 4.2330621196649545e+03
1.0499999999940830e+01 4.4641303102294178e+03 4.4341986889480377e+03
1.0599999999937044e+01 4.5855633924260201e+03 4.2506641481188735e+03
1.0699999999933258e+01 4.6017515573076307e+03 4.2460296340953691e+03
1.0799999999929472e+01 4.4638975882851446e+03 4.4944415855929310e+03
1.0899999999925686e+01 4.9011055647184048e+03 3.8399864191474708e+03
1.0999999999921901e+01 4.6515952601310264e+03 4.4037980807825088e+03
1.1099999999918115e+01 4.6997593059123074e+03 4.3246705066436207e+03
1.1199999999914329e+01 4.6353933515539529e+03 4.4442251557171458e+03
1.1299999999910543e+01 4.3815622162612290e+03 4.7897909812395819e+03
1.1399999999906758e+01 4.9191707961731772e+03 3.9765727053169749e+03
1.1499999999902972e+01 4.6951435402224288e+03 4.4548534830855688e+03
1.1599999999899186e+01 4.8463041899114423e+03 4.2397089774651440e+03
1.1699999999895400e+01 4.7504194883557730e+03 4.4441090120540393e+03
1.1799999999891615e+01 4.8282830148420517e+03 4.3319354184061085e+03
1.1899999999887829e+01 4.7940401394228829e+03 4.3860327486019805e+03
1.1999999999884043e+01 4.9347635376177932e+03 4.2308147054620385e+03
1.2099999999880257e+01 4.9612712746807183e+03 4.2231198864761318e+03
1.2199999999876471e+01 4.9418705503910269e+03 4.2919795870546086e+03
1.2299999999872686e+01 5.2049985232616327e+03 3.7662590345467975e+03
1.2399999999868900e+01 5.0166861059917355e+03 4.2836084500108100e+03
1.2499999999865114e+01 5.1713376792268700e+03 4.0313713289470747e+03
1.2599999999861328e+01 5.2194594740678240e+03 3.9464106329269953e+03
1.2699999999857543e+01 5.3129784262344920e+03 3.7588217544895165e+03
1.2799999999853757e+01 4.8778326888978054e+03 4.4847033163028873e+03
1.2899999999849971e+01 5.4205333285287325e+03 3.6335467535492103e+03
1.2999999999846185e+01 5.2402676418631218e+03 4.1357723890652842e+03
1.3099999999842399e+01 5.2530215474490660e+03 4.1330693447377507e+03
1.3199999999838614e+01 5.0096184952290796e+03 4.6324168832390969e+03
1.3299999999834828e+01 5.2607036158207520e+03 4.1866380260835713e+03
1.3399999999831042e+01 5.1458028674378747e+03 4.5123855396525923e+03
1.3499999999827256e+01 5.4477985637018546e+03 3.9186564388366428e+03
1.3599999999823471e+01 5.1699296369477815e+03 4.5552014385590892e+03
1.3699999999819685e+01 5.2440656006221852e+03 4.4314096803771599e+03
1.3799999999815899e+01 5.4952420350711664e+03 3.9485702292515361e+03
1.3899999999812113e+01 5.4664351740353713e+03 4.1313400550069446e+03
1.3999999999808328e+01 5.2060873740348406e+03 4.5030374739556082e+03
1.4099999999804542e+01 5.2796545989765336e+03 4.5985870967145265e+03
1.4199999999800756e+01 5.2210829135915046e+03 4.6043256924874686e+03
1.4299999999796970e+01 5.3701121851574335e+03 4.5595621089604801e+03
1.4399999999793184e+01 5.6661865855290243e+03 3.9852263733541567e+03
1.4499999999789399e+01 5.7236653222136647e+03 3.9147543715798756e+03
1.4599999999785613e+01 5.4704707674726124e+03 4.5597437310357727e+03
1.4699999999781827e+01 5.6711257080932028e+03 4.2087946241522495e+03
1.4799999999778041e+01 5.4230764404389129e+03 4.7676554201995559e+03
1.4899999999774256e+01 6.0337601833095086e+03 3.3409254571921042e+03
1.4999999999770470e+01 5.4409125176866601e+03 4.6160156454617563e+03
1.5099999999766684e+01 1.3427008479895708e+03 9.3672439096064420e+02
1.5199999999762898e+01 1.3449522740249486e+03 9.6629596174325206e+02
1.5299999999759113e+01 1.3447582130004375e+03 9.7088822036275030e+02
1.5399999999755327e+01 1.3476071059759277e+03 9.6666863936600157e+02
1.5499999999751541e+01 1.3514426304485071e+03 9.6081064766344946e+02
1.5599999999747755e+01 1.3556554468534141e+03 9.5452451782387959e+02
1.5699999999743969e+01 1.3598002039434709e+03 9.4846272121912261e+02
1.5799999999740184e+01 1.3641649386327335e+03 9.4212710737912903e+02
1.5899999999736398e+01 1.3685476586851805e+03 9.3580055986824641e+02
1.5999999999732612e+01 1.3728136525024402e+03 9.2964318953912925e+02
1.6099999999728826e+01 1.3769881694402582e+03 9.2361605308903791e+02
1.6199999999725041e+01 1.3808810864220948e+03 9.1795348669433554e+02
1.6299999999721255e+01 1.3838944398978783e+03 9.1356871466339533e+02
1.6399999999717469e+01 1.3867472570322443e+03 9.0939482035985861e+02
1.6499999999713683e+01 1.3894984831083818e+03 9.0533689325578825e+02
1.6599999999709897e+01 1.3921723151631459e+03 9.0138563047404068e+02
1.6699999999706112e+01 1.3945247102825169e+03 8.9791366094460022e+02
1.6799999999702326e+01 1.3967864934111235e+03 8.9457101301026785e+02
1.6899999999698540e+01 1.3988833554932635e+03 8.9148242854151374e+02
1.6999999999694754e+01 1.4008187962938232e+03 8.8865880133880148e+02
1.7099999999690969e+01 1.4027261491247145e+03 8.8588276909153524e+02
1.7199999999687183e+01 1.4045968477004665e+03 8.8316189951262436e+02
1.7299999999683397e+01 1.4064324786506882e+03 8.8049354349999703e+02
1.7399999999679611e+01 1.4080971893876244e+03 8.7807482517483118e+02
1.7499999999675826e+01 1.4095101514657492e+03 8.7603948577792778e+02
1.7599999999672040e+01 1.4107841887029988e+03 8.7417427965752483e+02
1.7699999999668254e+01 1.4115559901286376e+03 8.7293674379016534e+02
1.7799999999664468e+01 1.4123152855956141e+03 8.7173130917985566e+02
1.7899999999660682e+01 1.4130693114546661e+03 8.7054083494055646e+02
1.7999999999656897e+01 1.4138182111287347e+03 8.6936032394141012e+02
1.8099999999653111e+01 1.4145621609709465e+03 8.6818740274045547e+02
1.8199999999649325e+01 1.4153013667452728e+03 8.6702099718396062e+02
1.8299999999645539e+01 1.4160358529633490e+03 8.6586065493266926e+02
1.8399999999641754e+01 1.4167655890468341e+03 8.6470626117791448e+02
1.8499999999637968e+01 1.4174905732203699e+03 8.6355781943595377e+02
1.8599999999634182e+01 1.4182107697360784e+03 8.6241537685739820e+02
1.8699999999630396e+01 1.4189261419234181e+03 8.6127901332044325e+02
1.8799999999626611e+01 1.4196366556996484e+03 8.6014885643506955e+02
1.8899999999622825e+01 1.4203422831457724e+03 8.5902493039651563e+02
1.8999999999619039e+01 1.4210431041190875e+03 8.5790726384590448e+02
1.9099999999615253e+01 1.4217391159900753e+03 8.5679594204015075e+02
1.9199999999611467e+01 1.4224302782629081e+03 8.5569103964323892e+02
1.9299999999607682e+01 1.4231165740885717e+03 8.5459263637678305e+02
1.9399999999603896e+01 1.4237979776867160e+03 8.5350080929437047e+02
1.9499999999600110e+01 1.4244745005746370e+03 8.5241561220112760e+02
1.9599999999596324e+01 1.4251461390367849e+03 8.5133711251189129e+02
1.9699999999592539e+01 1.4258129007691809e+03 8.5026535035327004e+02
1.9799999999588753e+01 1.4264747925318338e+03 8.4920038751581933e+02
1.9899999999584967e+01 1.4271318134302153e+03 8.4814226148847104e+02
1.9999999999581181e+01 1.4277839602664894e+03 8.4709100142706382e+02
2.0099999999577395e+01 1.4284312220201334e+03 8.4604666209362381e+02
2.0199999999573610e+01 1.4290736313546786e+03 8.4500927545239358e+02
2.0299999999569824e+01 1.4297111789391226e+03 8.4397886304379006e+02
2.0399999999566038e+01 1.4303436337059129e+03 8.4295594677989482e+02
2.0499999999562252e+01 1.4309641476868273e+03 8.4195497567345001e+02
2.0599999999558467e+01 1.4315799166689321e+03 8.4096078010075144e+02
2.0699999999554681e+01 1.4321910104416015e+03 8.3997338992283755e+02
2.0799999999550895e+01 1.4327968737764147e+03 8.3899407960033125e+02
2.0899999999547109e+01 1.4333967085157051e+03 8.3802447820430621e+02
2.0999999999543324e+01 1.4339919136574347e+03 8.3706165833401872e+02
2.1099999999539538e+01 1.4345824293515993e+03 8.3610581688417881e+02
2.1199999999535752e+01 1.4351681388437567e+03 8.3515707064116361e+02
2.1299999999531966e+01 1.4357491100850932e+03 8.3421543534482259e+02
2.1399999999528180e+01 1.4363253584334866e+03 8.3328084822191147e+02
2.1499999999524395e+01 1.4368969003817963e+03 8.3235329444787851e+02
2.1599999999520609e+01 1.4374637752635604e+03 8.3143274001025122e+02
2.1699999999516823e+01 1.4380260181187555e+03 8.3051917453952785e+02
2.1799999999513037e+01 1.4385836645565037e+03 8.2961257049094365e+02
2.1899999999509252e+01 1.4391367601301381e+03 8.2871291835235183e+02
2.1999999999505466e+01 1.4396852904527173e+03 8.2782022902079393e+02
2.2099999999501680e+01 1.4402292706493661e+03 8.2693447257932496e+02
2.2199999999497894e+01 1.4407687452224607e+03 8.2605563193086107e+02
2.2299999999494108e+01 1.4413037478633939e+03 8.2518370881400187e+02
2.2399999999490323e+01 1.4418342954857221e+03 8.2431868582438267e+02
2.2499999999486537e+01 1.4423604016923475e+03 8.2346055849826473e+02
2.2599999999482751e+01 1.4428820538210682e+03 8.2260931256280628e+02
2.2699999999478965e+01 1.4433977595593215e+03 8.2176826333788665e+02
2.2799999999475180e+01 1.4439088101618370e+03 8.2093458406017476e+02
2.2899999999471394e+01 1.4444154837333463e+03 8.2010770297494707e+02
2.2999999999467608e+01 1.4449178237142598e+03 8.1928759504736229e+02
2.3099999999463822e+01 1.4454158407598566e+03 8.1847423598610078e+02
2.3199999999460037e+01 1.4459095711074401e+03 8.1766761135350305e+02
2.3299999999456251e+01 1.4463990322231980e+03 8.1686768580500325e+02
2.3399999999452465e+01 1.4468842505000589e+03 8.1607444803030614e+02
2.3499999999448679e+01 1.4473652302572002e+03 8.1528786555258466e+02
2.3599999999444893e+01 1.4478420112682229e+03 8.1450790178920602e+02
2.3699999999441108e+01 1.4483146094366753e+03 8.1373455442977104e+02
2.3799999999437322e+01 1.4487830419618942e+03 8.1296778435587100e+02
2.3899999999433536e+01 1.4492473366252234e+03 8.1220757574524771e+02
2.3999999999429750e+01 1.4497074943357111e+03 8.1145387227872232e+02
2.4099999999425965e+01 1.4501635807929995e+03 8.1070666196045966e+02
2.4199999999422179e+01 1.4506155994720079e+03 8.0996588770964183e+02
2.4299999999418393e+01 1.4510635878116141e+03 8.0923156889346490e+02
2.4399999999414607e+01 1.4515075523496225e+03 8.0850366288997873e+02
2.4499999999410822e+01 1.4519475295437228e+03 8.0778214040665489e+02
2.4599999999407036e+01 1.4523864606216441e+03 8.0706019230948357e+02
2.4699999999403250e+01 1.4528242251538409e+03 8.0633785344859371e+02
2.4799999999399464e+01 1.4532581294717961e+03 8.0562160321959379e+02
2.4899999999395678e+01 1.4536880868024132e+03 8.0491165110232384e+02
2.4999999999391893e+01 1.4541140382572462e+03 8.0420810600095888e+02
2.5099999999388107e+01 1.4545360064878664e+03 8.0351098431823709e+02
2.5199999999384321e+01 1.4549540060266172e+03 8.0282028825769589e+02
2.5299999999380535e+01 1.4553680457571450e+03 8.0213599748759725e+02
2.5399999999376750e+01 1.4557782032261180e+03 8.0145798808722725e+02
2.5499999999372964e+01 1.4561844976962611e+03 8.0078620229999683e+02
2.5599999999369178e+01 1.4565869458235156e+03 8.0012063214773048e+02
2.5699999999365392e+01 1.4569855913619595e+03 7.9946127456433419e+02
2.5799999999361606e+01 1.4573804763311364e+03 7.9880804575411162e+02
2.5899999999357821e+01 1.4577717405809399e+03 7.9816080360258320e+02
2.5999999999354035e+01 1.4581594154247632e+03 7.9751954649031154e+02
2.6099999999350249e+01 1.4585434959273571e+03 7.9688423115143007e+02
2.6199999999346463e+01 1.4589237158709361e+03 7.9625539739608689e+02
2.6299999999342678e+01 1.4593002557778264e+03 7.9563273783921284e+02
2.6399999999338892e+01 1.4596732288319492e+03 7.9501592226344746e+02
2.6499999999335106e+01 1.4600426830416234e+03 7.9440492744847006e+02
2.6599999999331320e+01 1.4604086607652471e+03 7.9379970496360079e+02
2.6699999999327535e+01 1.4607712321883942e+03 7.9320015065041889e+02
2.6799999999323749e+01 1.4611303868120985e+03 7.9260623355738142e+02
2.6899999999319963e+01 1.4614861505309323e+03 7.9201795105569715e+02
2.6999999999316177e+01 1.4618385147753102e+03 7.9143528788214064e+02
2.7099999999312391e+01 1.4621875084966841e+03 7.9085819977881135e+02
2.7199999999308606e+01 1.4625331484322919e+03 7.9028664681829036e+02
2.7299999999304820e+01 1.4628754871476858e+03 7.8972057466024353e+02
2.7399999999301034e+01 1.4632145567517045e+03 7.8915994797577093e+02
2.7499999999297248e+01 1.4635503713693474e+03 7.8860471203447992e+02
2.7599999999293463e+01 1.4638829714020255e+03 7.8805481151074264e+02
2.7699999999289677e+01 1.4642123768768615e+03 7.8751022072167279e+02
2.7799999999285891e+01 1.4645385806664049e+03 7.8697091306753214e+02
2.7899999999282105e+01 1.4648616272693423e+03 7.8643683879018829e+02
2.7999999999278320e+01 1.4651815462952181e+03 7.8590796676730656e+02
2.8099999999274534e+01 1.4654983423405006e+03 7.8538425782744810e+02
2.8199999999270748e+01 1.4658120630159124e+03 7.8486567991898733e+02
2.8299999999266962e+01 1.4661227335455264e+03 7.8435219082670119e+02
2.8399999999263176e+01 1.4664303663447786e+03 7.8384375060630964e+02
2.8499999999259391e+01 1.4667349815591629e+03 7.8334033743754037e+02
2.8599999999255605e+01 1.4670365950818043e+03 7.8284189789529955e+02
2.8699999999251819e+01 1.4673352417268513e+03 7.8234839787408703e+02
2.8799999999248033e+01 1.4676309161166248e+03 7.8185979837247692e+02
2.8899999999244248e+01 1.4679236540084489e+03 7.8137604963478282e+02
2.8999999999240462e+01 1.4682135024598701e+03 7.8089711780404252e+02
2.9099999999236676e+01 1.4685004558717076e+03 7.8042297813977689e+02
2.9199999999232890e+01 1.4687845571653243e+03 7.7995357638594453e+02
2.9299999999229104e+01 1.4690658542459341e+03 7.7948886870839476e+02
2.9399999999225319e+01 1.4693443134874237e+03 7.7902882499869236e+02
2.9499999999221533e+01 1.4696199910893215e+03 7.7857341973153643e+02
2.9599999999217747e+01 1.4698929044352087e+03 7.7812259675442726e+02
2.9699999999213961e+01 1.4701630683565406e+03 7.7767631744706875e+02
2.9799999999210176e+01 1.4704305153824907e+03 7.7723455268569853e+02
2.9899999999206390e+01 1.4706952550338438e+03 7.7679725896855314e+02
2.9999999999202604e+01 1.4709573034269677e+03 7.7636439204060810e+02
