0 5.19675e-07 23.8383 6.23553e-38 0
0.002 0.00104945 23.8353 0.00300692 0
0.004 0.00178118 23.8326 0.00300586 0
0.006 0.00432961 23.8285 0.00374261 0
0.008 0.0066263 23.8213 0.012743 0
0.01 0.00831201 23.8143 0.0131625 0
0.012 0.0114997 23.8066 0.0155112 0
0.014 0.0138444 23.797 0.0278523 0
0.016 0.0157648 23.7874 0.0295731 0
0.018 0.0186806 23.7773 0.0327632 0
0.02 0.0210738 23.766 0.0470373 0
0.022 0.0229289 23.7544 0.0501352 0
0.024 0.0255233 23.7424 0.0547839 0
0.026 0.0276852 23.7296 0.0691856 0
0.028 0.0294954 23.7166 0.0740669 0
0.03 0.0317083 23.7031 0.081574 0
0.032 0.0335091 23.6892 0.0949592 0
0.034 0.0352047 23.675 0.0999001 0
0.036 0.0370679 23.6604 0.110637 0
0.038 0.0385433 23.6455 0.122952 0
0.04 0.0400632 23.6305 0.128637 0
0.042 0.0416073 23.6151 0.141551 0
0.044 0.0428245 23.5995 0.152842 0
0.046 0.0441221 23.5837 0.159382 0
0.048 0.0453718 23.5677 0.173207 0
0.05 0.0463714 23.5515 0.183797 0
0.052 0.0474553 23.5353 0.191975 0
0.054 0.0484499 23.5188 0.20625 0
0.056 0.0492661 23.5023 0.216228 0
0.058 0.0501359 23.4856 0.225279 0
0.06 0.050899 23.4688 0.239126 0
0.062 0.0515614 23.452 0.249358 0
0.064 0.0522788 23.4351 0.25937 0
0.066 0.0528837 23.4181 0.272444 0
0.068 0.0534044 23.4011 0.282228 0
0.07 0.0539748 23.3841 0.292961 0
0.072 0.0544569 23.367 0.30654 0
0.074 0.0548625 23.3499 0.315801 0
0.076 0.0553138 23.3327 0.325625 0
0.078 0.0557298 23.3155 0.338889 0
0.08 0.0560692 23.2983 0.350031 0
0.082 0.0564214 23.2811 0.359285 0
0.084 0.0567506 23.2639 0.372055 0
0.086 0.057009 23.2467 0.383508 0
0.088 0.0572999 23.2294 0.392276 0
0.09 0.0575815 23.2122 0.404439 0
0.092 0.0578171 23.195 0.415033 0
0.094 0.0580862 23.1777 0.42549 0
0.096 0.0583233 23.1604 0.437717 0
0.098 0.0585279 23.1432 0.447733 0
0.1 0.0587561 23.1259 0.457536 0
0.102 0.0589753 23.1087 0.469305 0
0.104 0.0591625 23.0914 0.48034 0
0.106 0.0593593 23.0742 0.48972 0
0.108 0.0595663 23.0569 0.500901 0
0.11 0.0597516 23.0396 0.512006 0
0.112 0.0599394 23.0224 0.521678 0
0.114 0.060139 23.0051 0.532448 0
0.116 0.0603237 22.9879 0.5433 0
0.118 0.0605109 22.9706 0.553156 0
0.12 0.0607121 22.9534 0.563429 0
0.122 0.0609045 22.9361 0.573988 0
0.124 0.0610992 22.9188 0.583973 0
