#temps	 Wn_tot 	 -W_tot .....
0 -0 -0 6.23553e-38 6.23553e-38 1.03935e-06
0.002 0.0185755 0.00142043 0.00166851 0.0216644 0.123063
0.004 0.0692093 0.013879 0.00341281 0.0865011 0.577449
0.006 0.0884328 0.0378802 0.00456113 0.130874 1.33365
0.008 0.123484 0.0868914 0.00877483 0.21915 2.69151
0.01 0.173354 0.180901 0.012991 0.367246 4.77874
0.012 0.206259 0.298066 0.0165213 0.520847 7.59405
0.014 0.253589 0.456585 0.0224795 0.732654 11.3188
0.016 0.305865 0.650014 0.0282304 0.984109 16.0158
0.018 0.348504 0.866901 0.0336129 1.24902 21.706
0.02 0.402359 1.13155 0.0407089 1.57461 28.5113
0.022 0.457189 1.42497 0.0476746 1.92983 36.4774
0.024 0.506514 1.74817 0.0545386 2.30922 45.6367
0.026 0.565077 2.13217 0.0627208 2.75997 56.0764
0.028 0.62247 2.5422 0.0706776 3.23535 67.8269
0.03 0.678298 2.99552 0.0787976 3.75262 80.9249
0.032 0.741015 3.51188 0.0878272 4.34072 95.4296
0.034 0.801528 4.05888 0.0965571 4.95696 111.362
0.036 0.863315 4.65781 0.105705 5.62683 128.759
0.038 0.929737 5.32128 0.115354 6.36637 147.661
0.04 0.994359 6.02155 0.124786 7.14069 168.081
0.042 1.06183 6.78269 0.134686 7.97921 190.055
0.044 1.13205 7.60638 0.144811 8.88324 213.605
0.046 1.20152 8.47386 0.154836 9.83022 238.745
0.048 1.27419 9.409 0.165264 10.8484 265.502
0.05 1.34852 10.4044 0.175764 11.9287 293.89
0.052 1.42309 11.4511 0.186248 13.0604 323.92
0.054 1.50067 12.5689 0.197037 14.2666 355.612
0.056 1.58002 13.7482 0.207812 15.536 388.974
0.058 1.66067 14.9867 0.218624 16.866 424.015
0.06 1.74409 16.2967 0.229663 18.2704 460.75
0.062 1.82891 17.6674 0.240645 19.7369 499.182
0.064 1.91506 19.1 0.251677 21.2667 539.318
0.066 2.0037 20.6064 0.262847 22.873 581.168
0.068 2.09361 22.174 0.273975 24.5416 624.732
0.07 2.18424 23.8004 0.285134 26.2698 670.015
0.072 2.27667 25.5031 0.296385 28.0762 717.021
0.074 2.36923 27.2628 0.307584 29.9396 765.751
0.076 2.46167 29.0805 0.318778 31.861 816.207
0.078 2.55459 30.9646 0.330031 33.8492 868.392
0.08 2.6475 32.9121 0.341264 35.9009 922.307
0.082 2.7402 34.919 0.352478 38.0117 977.951
0.084 2.83335 36.9938 0.36373 40.1909 1035.33
0.086 2.92645 39.1307 0.374964 42.4321 1094.44
0.088 3.01919 41.3247 0.386161 44.7301 1155.27
0.09 3.11224 43.5847 0.39738 47.0943 1217.85
0.092 3.20509 45.8988 0.408554 49.5125 1282.15
0.094 3.29795 48.2751 0.419715 51.9928 1348.18
0.096 3.39131 50.7184 0.430895 54.5406 1415.95
0.098 3.48449 53.2183 0.442031 57.1448 1485.45
0.1 3.57752 55.7759 0.453145 59.8065 1556.68
0.102 3.67082 58.3962 0.464267 62.5313 1629.65
0.104 3.76404 61.073 0.475354 65.3124 1704.34
0.106 3.85702 63.8061 0.486417 68.1495 1780.77
0.108 3.94983 66.5968 0.497473 71.0441 1858.93
0.11 4.0423 69.4418 0.508505 73.9926 1938.82
0.112 4.13435 72.3431 0.519512 76.997 2020.44
0.114 4.2261 75.2993 0.530509 80.0559 2103.8
0.116 4.31755 78.3092 0.541484 83.1682 2188.89
0.118 4.40859 81.3725 0.552428 86.3335 2275.71
0.12 4.49936 84.4903 0.563358 89.5531 2364.26
0.122 4.58978 87.6609 0.574267 92.8249 2454.55
0.124 4.67959 90.8778 0.585138 96.1425 2546.58
0.126 4.76936 94.1513 0.59601 99.5167 2640.34
0.128 4.85895 97.4778 0.606865 102.944 2735.83
0.13 4.94788 100.849 0.617671 106.414 2833.07
0.132 5.03667 104.271 0.628479 109.936 2932.04
0.134 5.12543 107.746 0.639278 113.51 3032.75
0.136 5.21351 111.261 0.650029 117.125 3135.2
0.138 5.30121 114.81 0.660763 120.772 3239.39
0.14 5.38879 118.388 0.671486 124.448 3345.33
0.142 5.47616 121.992 0.682187 128.151 3453.01
0.144 5.56347 125.626 0.692879 131.882 3562.44
0.146 5.65082 129.29 0.703571 135.645 3673.63
0.148 5.73819 132.984 0.714258 139.436 3786.56
0.15 5.82551 136.703 0.724937 143.254 3901.26
0.152 5.91287 140.449 0.735621 147.097 4017.71
0.154 6.00032 144.22 0.746307 150.967 4135.93
0.156 6.08784 148.016 0.756993 154.86 4255.92
0.158 6.17546 151.836 0.767683 158.779 4377.68
0.16 6.26319 155.678 0.778372 162.719 4501.21
0.162 6.35102 159.538 0.789059 166.679 4626.52
0.164 6.43897 163.419 0.799752 170.657 4753.62
0.166 6.52707 167.317 0.810449 174.655 4882.5
0.168 6.61529 171.232 0.821151 178.668 5013.17
0.17 6.7035 175.162 0.83185 182.697 5145.64
0.172 6.79191 179.101 0.842541 186.736 5279.91
0.174 6.88045 183.054 0.853238 190.787 5415.98
0.176 6.96914 187.016 0.863957 194.849 5553.87
0.178 7.05805 190.987 0.874677 198.919 5693.58
0.18 7.14696 194.965 0.885395 202.998 5835.11
0.182 7.23611 198.945 0.896122 207.077 5978.48
0.184 7.32561 202.937 0.906875 211.169 6123.68
0.186 7.41531 206.938 0.917628 215.271 6270.73
0.188 7.50497 210.947 0.928383 219.38 6419.63
0.19 7.59478 214.954 0.939154 223.488 6570.39
0.192 7.68479 218.958 0.949933 227.593 6723.03
0.194 7.77482 222.959 0.96072 231.694 6877.54
0.196 7.86517 226.951 0.971526 235.787 7033.94
0.198 7.95578 230.939 0.982351 239.877 7192.23
0.2 8.04657 234.922 0.993188 243.962 7352.44
0.202 8.13756 238.898 1.00404 248.039 7514.56
0.204 8.2288 242.869 1.01492 252.112 7678.61
0.206 8.32027 246.836 1.02582 256.182 7844.6
0.208 8.41196 250.803 1.03674 260.252 8012.54
0.21 8.50395 254.772 1.04768 264.324 8182.45
0.212 8.59625 258.751 1.05865 268.406 8354.33
0.214 8.68862 262.752 1.06963 272.51 8528.2
0.216 8.78106 266.789 1.08065 276.651 8704.07
0.218 8.87364 270.865 1.0917 280.831 8881.96
0.22 8.96603 274.98 1.10276 285.048 9061.87
0.222 9.05831 279.124 1.11382 289.296 9243.81
0.224 9.15071 283.306 1.12491 293.581 9427.8
0.226 9.24318 287.522 1.13601 297.901 9613.86
0.228 9.3358 291.778 1.14713 302.261 9801.99
0.23 9.42853 296.076 1.15827 306.663 9992.21
0.232 9.52136 300.413 1.16942 311.104 10184.5
0.234 9.61421 304.782 1.18058 315.577 10379
0.236 9.7071 309.173 1.19175 320.072 10575.5
0.238 9.80007 313.585 1.20294 324.588 10774.3
0.24 9.89318 318.004 1.21414 329.111 10975.1
0.242 9.98646 322.414 1.22536 333.625 11178.2
0.244 10.0799 326.798 1.23659 338.114 11383.4
0.246 10.1734 331.137 1.24785 342.558 11590.9
0.248 10.2664 335.398 1.25913 346.924 11800.6
0.25 10.3591 339.565 1.27044 351.194 12012.5
0.252 10.4516 343.627 1.2818 355.361 12226.7
0.254 10.5439 347.578 1.29319 359.415 12443.2
0.256 10.6361 351.416 1.30464 363.356 12662
0.258 10.7282 355.135 1.31615 367.179 12883.2
0.26 10.8203 358.747 1.32772 370.895 13106.7
0.262 10.9125 362.286 1.33937 374.538 13332.7
0.264 11.0054 365.806 1.3511 378.163 13561
0.266 11.099 369.305 1.36289 381.767 13791.8
0.268 11.1932 372.77 1.37474 385.338 14025.1
0.27 11.2875 376.177 1.38663 388.851 14260.9
0.272 11.3822 379.503 1.39858 392.284 14499.2
0.274 11.4776 382.763 1.4106 395.651 14740.1
0.276 11.5736 385.948 1.42267 398.944 14983.5
0.278 11.6702 389.053 1.4348 402.158 15229.6
0.28 11.7674 392.072 1.44699 405.286 15478.4
0.282 11.8654 394.994 1.45923 408.318 15729.8
0.284 11.9644 397.826 1.47156 411.262 15984
0.286 12.064 400.562 1.48396 414.11 16240.9
0.288 12.1645 403.202 1.49646 416.863 16500.7
0.29 12.266 405.759 1.50906 419.534 16763.2
0.292 12.3681 408.226 1.52172 422.116 17028.7
0.294 12.4714 410.609 1.53448 424.615 17297
0.296 12.576 412.918 1.54734 427.042 17568.3
0.298 12.6819 415.165 1.56027 429.407 17842.6
0.3 12.7891 417.362 1.57331 431.724 18120
0.302 12.8979 419.539 1.58645 434.023 18400.4
0.304 13.0083 421.722 1.59967 436.33 18683.9
0.306 13.1202 423.939 1.61295 438.672 18970.6
0.308 13.2341 426.212 1.6263 441.072 19260.5
0.31 13.3506 428.546 1.63974 443.537 19553.7
0.312 13.4686 430.843 1.65318 445.964 19850.1
0.314 13.5881 433.113 1.66666 448.368 20149.9
0.316 13.7106 435.406 1.68024 450.797 20453
0.318 13.8355 437.742 1.69383 453.271 20759.6
0.32 13.9629 440.124 1.70745 455.795 21069.7
0.322 14.0935 442.56 1.72109 458.374 21383.2
0.324 14.227 445.062 1.73476 461.023 21700.4
0.326 14.3636 447.614 1.74842 463.726 22021.1
0.328 14.5036 450.248 1.76209 466.514 22345.5
0.33 14.6478 453.051 1.77581 469.475 22673.6
0.332 14.795 455.963 1.78948 472.547 23005.4
0.334 14.9454 458.959 1.80314 475.708 23341
0.336 15.0998 462.097 1.81682 479.013 23680.5
0.338 15.2578 465.467 1.83048 482.555 24023.9
0.34 15.4195 469.127 1.84411 486.391 24371.2
0.342 15.5852 473.117 1.85772 490.56 24722.5
0.344 15.7547 477.455 1.87129 495.081 25077.8
0.346 15.9285 482.206 1.8848 500.02 25437.3
0.348 16.1056 487.346 1.89827 505.349 25800.8
0.35 16.2756 492.641 1.91162 510.828 26168.5
0.352 16.4386 497.994 1.9248 516.357 26540.4
0.354 16.5979 503.415 1.93792 521.951 26916.5
0.356 16.7558 508.904 1.951 527.61 27297
0.358 16.911 514.475 1.96393 533.349 27681.8
0.36 17.0653 520.219 1.97676 539.261 28071
0.362 17.2213 526.204 1.98958 545.415 28464.7
0.364 17.3779 532.484 2.00225 551.864 28862.9
0.366 17.5367 539.049 2.01485 558.601 29265.7
0.368 17.6992 546.015 2.02741 565.741 29673
0.37 17.8651 553.363 2.03982 573.268 30085.1
0.372 18.0377 561.174 2.05229 581.264 30501.9
0.374 18.2161 569.689 2.06467 589.97 30923.5
0.376 18.3984 578.811 2.07693 599.286 31349.9
0.378 18.5842 588.55 2.08904 609.223 31781.2
0.38 18.7744 598.956 2.10103 619.831 32217.4
0.382 18.9682 610.115 2.11287 631.196 32658.6
0.384 19.1655 622.09 2.12454 643.38 33104.9
0.386 19.3673 634.924 2.13608 656.428 33556.2
0.388 1076.07 902.48 2.20156 1980.75 34012.6
0.39 3012.52 1026.59 2.29634 4041.41 34472.5
0.392 3012.53 1027.39 2.29729 4042.21 34933.4
0.394 3012.55 1029.16 2.30069 4044.01 35395.9
0.396 3125.32 1079.69 2.30637 4207.31 35860.5
0.398 3505.83 1245.96 2.32584 4754.12 36327.3
0.4 3686.39 1328.53 2.33582 5017.26 36796.2
0.402 3972.1 1454.15 2.3493 5428.59 37267
0.404 4217.79 1564.72 2.36103 5784.87 37739.6
0.406 4471.16 1676.74 2.37185 6150.27 38214.1
0.408 4735.99 1794.53 2.38306 6532.91 38690.2
0.41 4990.61 1906.52 2.3926 6899.53 39167.9
0.412 5257.68 2023.99 2.40248 7284.08 39647.2
0.414 5519.21 2138.08 2.41127 7659.71 40128
0.416 5784.84 2253.71 2.41992 8040.96 40610.2
0.418 6050.17 2368.77 2.4279 8421.37 41093.8
0.42 6315.46 2483.63 2.43549 8801.53 41578.8
0.422 6581.95 2598.9 2.44267 9183.29 42065
0.424 6847.12 2713.51 2.44945 9563.08 42552.4
0.426 7111.36 2825.59 2.45585 9939.41 43041
0.428 7373.06 2934.24 2.46186 10309.8 43530.7
0.43 7634.83 3039.78 2.46758 10677.1 44021.6
0.432 7894.52 3142.34 2.47301 11039.3 44513.6
0.434 8152.14 3241.45 2.4782 11396.1 45006.5
0.436 8408.29 3338 2.48316 11748.8 45500.6
0.438 8662.55 3432.72 2.4879 12097.8 45995.6
0.44 8915.34 3525.41 2.49246 12443.2 46491.5
0.442 9167.11 3616.96 2.49687 12786.6 46988.5
0.444 9417.9 3706.79 2.50112 13127.2 47486.4
0.446 9667.9 3795.39 2.50524 13465.8 47985.2
0.448 9917.1 3882.71 2.50923 13802.3 48484.9
0.45 10165.1 3968.47 2.51311 14136.1 48985.5
0.452 10412.8 4053.08 2.5169 14468.4 49486.9
0.454 10659.6 4136.8 2.5206 14798.9 49989.3
0.456 11005.3 4206.07 2.52534 15213.9 50492.5
0.458 11291.1 4300.13 2.52942 15593.7 50996.5
0.46 11576.6 4393.74 2.53367 15972.9 51501.3
0.462 11853.5 4498.42 2.5377 16354.5 52006.8
0.464 12132.7 4607.68 2.54165 16742.9 52513.1
0.466 12411.6 4721.63 2.54545 17135.8 53020.1
0.468 12688.4 4833.78 2.54907 17524.8 53527.7
0.47 12964.4 4945.19 2.55256 17912.2 54036.1
0.472 13239.7 5055.38 2.55592 18297.6 54545
0.474 13513 5163.48 2.55915 18679 55054.7
0.476 13785.6 5269.47 2.56228 19057.7 55564.9
0.478 14056.6 5373.31 2.56531 19432.5 56075.8
0.48 14326.7 5475.38 2.56826 19804.7 56587.2
0.482 14595.6 5575.53 2.57114 20173.8 57099.3
0.484 14863.5 5673.99 2.57396 20540.1 57611.9
0.486 15130.6 5771.08 2.57672 20904.2 58125.2
0.488 15397 5867.03 2.57944 21266.6 58639
0.49 15662.9 5962.28 2.58213 21627.8 59153.3
0.492 15927.9 6056.28 2.58477 21986.8 59668.3
0.494 16192.4 6149.25 2.58738 22344.3 60183.8
0.496 16456.5 6241.46 2.58997 22700.5 60699.8
0.498 16720.1 6332.88 2.59253 23055.6 61216.5
0.5 16983.4 6423.7 2.59508 23409.7 61733.7
0.502 17246.2 6513.96 2.59761 23762.8 62251.4
0.504 17508.9 6603.69 2.60012 24115.1 62769.8
0.506 17771.2 6692.98 2.60263 24466.8 63288.7
0.508 18033.4 6781.84 2.60512 24817.8 63808.1
0.51 18295.3 6870.27 2.6076 25168.2 64328.2
0.512 18557.1 6958.26 2.61008 25518 64848.8
0.514 18818.6 7045.88 2.61255 25867.1 65369.9
0.516 19080.2 7133.24 2.61502 26216.1 65891.7
0.518 19341.7 7220.37 2.61748 26564.6 66414
0.52 19603 7307.07 2.61994 26912.6 66936.9
0.522 19864.1 7393.45 2.6224 27260.2 67460.4
0.524 20125.2 7479.5 2.62485 27607.3 67984.5
0.526 20386.1 7565.28 2.6273 27954 68509.2
0.528 20647 7650.82 2.62975 28300.5 69034.5
0.53 20907.9 7736.14 2.6322 28646.6 69560.4
0.532 21168.8 7821.24 2.63465 28992.6 70086.9
0.534 21429.6 7906.13 2.6371 29338.4 70613.9
0.536 21690.2 7990.53 2.63954 29683.4 71141.6
0.538 21950.8 8074.49 2.64199 30028 71670
0.54 22211.2 8158.09 2.64443 30371.9 72198.9
0.542 22471.4 8241.18 2.64687 30715.2 72728.5
0.544 22731.4 8323.78 2.64932 31057.9 73258.7
0.546 22991.3 8405.86 2.65176 31399.8 73789.5
0.548 23254.2 8485.98 2.65421 31742.8 74321
0.55 23574.7 8516.2 2.65712 32093.6 74853.1
0.552 23846.6 8607.95 2.65987 32457.2 75385.8
0.554 24150.7 8718.72 2.66286 32872.1 75919.1
0.556 24445.9 8835.22 2.66581 33283.8 76453.1
0.558 24736.9 8957.33 2.66863 33696.9 76987.7
0.56 25046.8 9083.78 2.67139 34133.2 77522.9
0.562 25339 9180.69 2.67373 34522.4 78058.6
0.564 25645.2 9288.06 2.67597 34936 78594.8
0.566 25932.1 9370.18 2.67793 35305 79131.4
0.568 26360.4 9468.5 2.68073 35831.6 79668.5
0.57 26641.3 9565.02 2.68247 36209 80206
0.572 26979.7 9676.96 2.68453 36659.3 80743.9
0.574 27289.2 9774.43 2.68626 37066.3 81282.1
0.576 27608.1 9874.13 2.68801 37484.9 81820.6
0.578 27918.8 9967.23 2.6896 37888.7 82359.5
0.58 28232.7 10060.3 2.69117 38295.7 82898.7
0.582 28539.9 10148.1 2.69263 38690.7 83438.1
0.584 28849.4 10236 2.69408 39088.1 83977.8
0.586 29155 10320.8 2.69545 39478.5 84517.9
0.588 29461.4 10405.1 2.6968 39869.2 85058.2
0.59 29765.7 10487.5 2.6981 40255.9 85598.7
0.592 30070 10569.2 2.69939 40641.9 86139.6
0.594 30373.2 10649.7 2.70064 41025.6 86680.6
0.596 30676.1 10729.6 2.70188 41408.4 87222
0.598 30978.6 10808.8 2.70309 41790.1 87763.6
0.6 31280.8 10887.5 2.7043 42171 88305.5
0.602 31583 10965.9 2.70549 42551.6 88847.6
0.604 31884.9 11043.9 2.70667 42931.5 89390
0.606 32186.9 11121.7 2.70784 43311.3 89932.6
0.608 32488.9 11199.3 2.709 43690.9 90475.5
0.61 32790.9 11276.7 2.71015 44070.3 91018.6
0.612 33092.4 11353.7 2.71129 44448.7 91562
0.614 33394 11430.2 2.71243 44827 92105.7
0.616 33695.4 11506.3 2.71357 45204.4 92649.6
0.618 33996.7 11581.9 2.7147 45581.4 93193.7
0.62 34298 11657.2 2.71582 45958 93738.1
0.622 34617.8 11724.2 2.71701 46344.7 94282.8
0.624 34954.6 11784.4 2.71822 46741.6 94827.7
0.626 35281.9 11875.1 2.71942 47159.7 95372.8
0.628 35618.4 11973.5 2.72053 47594.6 95918.2
0.63 35945.3 12063.4 2.72155 48011.5 96463.7
0.632 36273.2 12150.7 2.72252 48426.7 97009.5
0.634 36598.2 12235.5 2.72346 48836.4 97555.4
0.636 36922.8 12319.1 2.72436 49244.6 98101.5
0.638 37245.3 12400.8 2.72525 49648.8 98647.8
0.64 37568.4 12482.1 2.72611 50053.3 99194.3
0.642 37889.4 12561.8 2.72694 50453.9 99740.9
0.644 38210.9 12640.9 2.72777 50854.5 100288
0.646 38531 12719.3 2.72857 51253 100835
0.648 38851.5 12797.3 2.72938 51651.5 101382
0.65 39171.4 12875.3 2.73017 52049.5 101929
0.652 39491.4 12952.8 2.73095 52446.9 102477
0.654 39811.1 13030.1 2.73173 52844 103024
0.656 40130.7 13107.2 2.7325 53240.6 103572
0.658 40450.1 13183.9 2.73327 53636.7 104120
0.66 40769.5 13260.4 2.73404 54032.6 104668
0.662 41088.6 13336.5 2.7348 54427.9 105216
0.664 41407.9 13412.7 2.73556 54823.4 105765
0.666 41727.1 13488.7 2.73632 55218.5 106313
0.668 42046.3 13564.7 2.73708 55613.8 106862
0.67 42365.7 13640.7 2.73784 56009.2 107411
0.672 42685.1 13716.7 2.73859 56404.5 107960
0.674 43004.6 13792.7 2.73935 56800 108509
0.676 43324.1 13868.7 2.7401 57195.5 109059
0.678 43643.8 13944.7 2.74086 57591.2 109608
0.68 43963.6 14020.7 2.74161 57987 110158
0.682 44283.4 14096.7 2.74236 58382.8 110708
0.684 44603.3 14172.7 2.74311 58778.7 111258
0.686 44923.3 14248.8 2.74386 59174.8 111808
0.688 45243.4 14324.9 2.74461 59571 112359
0.69 45563.6 14401.1 2.74536 59967.5 112909
0.692 45884 14477.4 2.74611 60364.2 113460
0.694 46204.5 14553.8 2.74686 60761.1 114011
0.696 46525.2 14630.2 2.74761 61158.2 114562
0.698 46846 14706.7 2.74836 61555.5 115113
0.7 47166.9 14783.3 2.74911 61953 115665
0.702 47488 14860 2.74985 62350.8 116216
0.704 47809.3 14936.8 2.7506 62748.9 116768
0.706 48130.7 15013.7 2.75135 63147.1 117320
0.708 48452.3 15090.6 2.75209 63545.7 117872
0.71 48774.1 15167.7 2.75283 63944.6 118424
0.712 49096 15244.9 2.75358 64343.7 118977
0.714 49483 15338.5 2.75446 64824.2 119530
0.716 49822.2 15425.7 2.7552 65250.6 120082
0.718 50175 15520.8 2.75599 65698.5 120635
0.72 50521.4 15618.7 2.75669 66142.8 121188
0.722 50866.8 15713.3 2.75737 66582.8 121741
0.724 51211.1 15805.5 2.75799 67019.4 122295
0.726 51554.3 15899 2.75859 67456 122848
0.728 51896.1 15990.2 2.75913 67889.1 123402
0.73 52236.4 16080.1 2.75968 68319.2 123955
0.732 52576.3 16170.4 2.76019 68749.5 124509
0.734 52913.7 16257.2 2.76068 69173.7 125063
0.736 53252.5 16345.9 2.76118 69601.2 125617
0.738 53590.1 16435.2 2.76165 70028.1 126170
0.74 53928.1 16524.2 2.76212 70455 126724
0.742 54265.7 16615.1 2.76259 70883.5 127279
0.744 54603.5 16705.1 2.76304 71311.3 127833
0.746 54941.6 16797 2.7635 71741.3 128387
0.748 55279.9 16889.7 2.76395 72172.4 128941
0.75 55617.9 16982.2 2.7644 72602.8 129496
0.752 55956.9 17076.8 2.76485 73036.5 130050
0.754 56295.6 17171.2 2.76529 73469.5 130605
0.756 56635 17267.1 2.76574 73904.9 131160
0.758 56974.7 17363.4 2.76618 74340.9 131715
0.76 57314.3 17459.6 2.76663 74776.7 132269
0.762 57654.6 17556.6 2.76708 75214 132824
0.764 57994.4 17653.1 2.76752 75650.3 133379
0.766 58334.8 17749.9 2.76797 76087.5 133935
0.768 58675 17846.6 2.76842 76524.3 134490
0.77 59015.5 17943.4 2.76887 76961.6 135045
0.772 59356.2 18040.3 2.76931 77399.3 135600
0.774 59696.9 18137.2 2.76976 77836.8 136156
0.776 60037.7 18234 2.77021 78274.4 136711
0.778 60378.6 18331 2.77066 78712.4 137267
0.78 60719.6 18427.9 2.77111 79150.3 137823
0.782 61060.7 18524.8 2.77157 79588.3 138379
0.784 61401.9 18621.8 2.77202 80026.5 138935
0.786 61743.1 18718.7 2.77247 80464.6 139491
0.788 62084.5 18815.7 2.77293 80903 140047
0.79 62426 18912.7 2.77338 81341.5 140603
0.792 62767.6 19009.9 2.77384 81780.2 141159
0.794 63109.2 19107 2.77429 82218.9 141715
0.796 63451 19204.2 2.77475 82657.9 142272
0.798 63792.8 19301.5 2.77521 83097 142828
0.8 64134.8 19398.7 2.77567 83536.3 143385
0.802 64476.9 19496.1 2.77612 83975.7 143942
0.804 64819 19593.5 2.77658 84415.2 144498
0.806 65161.3 19691 2.77704 84855.1 145055
0.808 65503.7 19788.5 2.7775 85295 145612
0.81 65846.1 19886.1 2.77796 85735 146169
0.812 66188.7 19983.8 2.77842 86175.3 146726
0.814 66548.3 20083.8 2.7789 86634.8 147284
0.816 66879.9 20172.1 2.77928 87054.8 147841
0.818 67218.7 20258.3 2.77975 87479.8 148398
0.82 67556.9 20340.8 2.78017 87900.5 148956
0.822 67894.3 20422.4 2.7806 88319.5 149514
0.824 68231.2 20503.4 2.78101 88737.3 150071
0.826 68570.5 20585.7 2.78144 89159 150629
0.828 68909.3 20668.2 2.78187 89580.3 151187
0.83 69248.6 20750.8 2.78229 90002.1 151745
0.832 69587.2 20833.1 2.78272 90423.1 152303
0.834 69927.6 20912.3 2.78315 90842.7 152861
0.836 70265.7 20992.8 2.78361 91261.3 153419
0.838 70605.2 21074.3 2.78406 91682.3 153978
0.84 70942.7 21154.1 2.78451 92099.6 154536
0.842 71279.5 21232.8 2.78495 92515.1 155094
0.844 71615.5 21310.1 2.7854 92928.4 155653
0.846 71951.8 21387.6 2.78584 93342.2 156212
0.848 72287.1 21464.2 2.78628 93754.1 156770
0.85 72622.9 21541 2.78673 94166.7 157329
0.852 72958.3 21617.7 2.78717 94578.7 157888
0.854 73293.7 21694.1 2.78762 94990.6 158447
0.856 73629.1 21770.7 2.78806 95402.6 159007
0.858 73964.3 21847.1 2.78851 95814.3 159566
0.86 74299.6 21923.4 2.78895 96225.8 160125
0.862 74635.3 22000 2.7894 96638.1 160685
0.864 74970.5 22076.4 2.78985 97049.7 161244
0.866 75305.7 22152.7 2.79029 97461.2 161804
0.868 75641.5 22229.3 2.79074 97873.7 162363
0.87 75977.1 22306 2.79119 98285.9 162923
0.872 76312.6 22382.4 2.79164 98697.8 163483
0.874 76648 22458.7 2.79208 99109.6 164043
0.876 76983.8 22535.3 2.79253 99522 164603
0.878 77319.7 22612.1 2.79298 99934.6 165164
0.88 77655.3 22688.7 2.79343 100347 165724
0.882 77991 22765.2 2.79387 100759 166284
0.884 78327.1 22841.9 2.79432 101172 166845
0.886 78663.2 22918.8 2.79477 101585 167405
0.888 79010.7 22989.7 2.79523 102003 167966
0.89 79362.6 23055 2.79571 102420 168527
0.892 79715.1 23153.8 2.79621 102872 169088
0.894 80072.4 23257.8 2.79668 103333 169649
0.896 80429.2 23364.1 2.79711 103796 170210
0.898 80783.5 23468.1 2.79748 104254 170771
0.9 81134.9 23567.5 2.79782 104705 171332
0.902 81483.8 23664.2 2.79813 105151 171894
0.904 81832.3 23759.1 2.79842 105594 172455
0.906 82178.9 23852.6 2.7987 106034 173016
0.908 82525.4 23945.2 2.79898 106473 173578
0.91 82872.3 24037.5 2.79924 106913 174139
0.912 83218.2 24130.6 2.79951 107352 174701
0.914 83562.8 24221.3 2.79976 107787 175262
0.916 83908.8 24311.8 2.80002 108223 175824
0.918 84254.2 24403.8 2.80028 108661 176386
0.92 84598.3 24493.7 2.80052 109095 176947
0.922 84943.3 24583.4 2.80078 109529 177509
0.924 85288.3 24673.7 2.80103 109965 178071
0.926 85633 24764 2.80128 110400 178633
0.928 85977.3 24853.5 2.80154 110834 179195
0.93 86321.7 24942.5 2.80179 111267 179757
0.932 86666.8 25032.3 2.80204 111702 180319
0.934 87011.5 25122.8 2.8023 112137 180881
0.936 87357.6 25212.1 2.80255 112572 181443
0.938 87703.4 25299.8 2.80279 113006 182005
0.94 88048 25384.9 2.80304 113436 182567
0.942 88390.8 25466.9 2.80327 113860 183130
0.944 88733.3 25545.9 2.80351 114282 183692
0.946 89075.6 25623.3 2.80375 114702 184254
0.948 89418.5 25700.9 2.80401 115122 184817
0.95 89761 25778.7 2.80427 115542 185379
0.952 90104.8 25856.8 2.80453 115964 185942
0.954 90449.3 25936 2.8048 116388 186504
0.956 90792.9 26015 2.80506 116811 187067
0.958 91136.6 26092.8 2.80533 117232 187630
0.96 91480.6 26170.6 2.80561 117654 188192
0.962 91825.3 26249.6 2.80588 118078 188755
0.964 92170 26328.7 2.80615 118502 189318
0.966 92513.9 26406.8 2.80642 118924 189881
0.968 92858.5 26485.2 2.80669 119347 190444
0.97 93203.4 26564.3 2.80696 119770 191007
0.972 93547.9 26643 2.80723 120194 191570
0.974 93892.1 26721.2 2.8075 120616 192133
0.976 94237.1 26799.8 2.80776 121040 192696
0.978 94581.8 26878.7 2.80803 121463 193259
0.98 94926 26957.2 2.8083 121886 193823
0.982 95270.8 27035.7 2.80856 122309 194386
0.984 95615.6 27114.4 2.80882 122733 194949
0.986 95959.9 27192.8 2.80909 123156 195513
0.988 96304.4 27271.3 2.80935 123578 196076
0.99 96649.3 27350 2.80961 124002 196640
0.992 96994.2 27429 2.80987 124426 197204
0.994 97338.6 27507.7 2.81013 124849 197767
0.996 97683.2 27586.4 2.81039 125272 198331
0.998 98028.1 27665.2 2.81065 125696 198895
1 98373 27744.2 2.81091 126120 199459
1.002 98717.7 27823.1 2.81116 126544 200023
1.004 99062.2 27901.9 2.81142 126967 200587
1.006 99407.2 27980.9 2.81168 127391 201151
1.008 99752.5 28060.2 2.81193 127815 201715
1.01 100097 28139.2 2.81219 128239 202279
1.012 100442 28217.9 2.81244 128662 202843
1.014 100787 28297 2.8127 129087 203407
1.016 101132 28376.3 2.81295 129511 203971
1.018 101477 28455.2 2.8132 129935 204536
1.02 101821 28534 2.81346 130358 205100
1.022 102167 28613.2 2.81371 130783 205665
1.024 102512 28692.5 2.81396 131207 206229
1.026 102857 28771.6 2.81422 131631 206794
1.028 103202 28850.4 2.81447 132055 207358
1.03 103547 28929.5 2.81472 132479 207923
1.032 103892 29008.7 2.81497 132904 208488
1.034 104237 29087.9 2.81522 133328 209053
1.036 104582 29166.9 2.81547 133752 209617
1.038 104927 29245.7 2.81573 134175 210182
1.04 105272 29324.8 2.81598 134600 210747
1.042 105618 29404 2.81623 135025 211312
1.044 105963 29483 2.81648 135449 211878
1.046 106308 29561.7 2.81673 135872 212443
1.048 106653 29640.9 2.81698 136297 213008
1.05 107033 29731.4 2.81726 136767 213573
1.052 107392 29823.6 2.8175 137218 214138
1.054 107756 29924.6 2.81771 137683 214704
1.056 108120 30032 2.81791 138155 215269
1.058 108482 30136.6 2.81806 138621 215835
1.06 108842 30236.2 2.81818 139081 216400
1.062 109200 30332.2 2.81829 139535 216965
1.064 109555 30425 2.81839 139982 217531
1.066 109909 30516.5 2.8185 140428 218096
1.068 110263 30607.2 2.8186 140873 218662
1.07 110617 30698.6 2.8187 141319 219227
1.072 110971 30788.7 2.81879 141762 219793
1.074 111324 30878.6 2.81889 142206 220358
1.076 111677 30968.8 2.81898 142649 220924
1.078 112031 31059.6 2.81908 143093 221490
1.08 112385 31151 2.81918 143539 222055
1.082 112739 31242.9 2.81928 143985 222621
1.084 113093 31336 2.81937 144432 223186
1.086 113447 31430 2.81947 144880 223752
1.088 113803 31526 2.81956 145331 224318
1.09 114158 31623.5 2.81966 145784 224883
1.092 114514 31723.7 2.81976 146241 225449
1.094 114871 31826.5 2.81985 146700 226015
1.096 115229 31933 2.81995 147164 226580
1.098 115587 32042.3 2.82005 147632 227146
1.1 115946 32152.1 2.82015 148101 227712
1.102 116304 32261.4 2.82025 148568 228278
1.104 116661 32370.5 2.82035 149034 228843
1.106 117019 32479.6 2.82045 149501 229409
1.108 117376 32588.4 2.82055 149967 229975
1.11 117733 32697.2 2.82065 150433 230541
1.112 118091 32806 2.82075 150899 231107
1.114 118448 32914.9 2.82086 151366 231672
1.116 118805 33023.7 2.82096 151832 232238
1.118 119162 33132.5 2.82107 152298 232804
1.12 119520 33241.2 2.82117 152764 233370
1.122 119877 33350 2.82128 153230 233936
1.124 120234 33458.8 2.82139 153696 234502
1.126 120592 33567.5 2.82149 154162 235068
1.128 120949 33676.3 2.8216 154628 235634
1.13 121307 33785 2.82171 155094 236200
1.132 121664 33893.8 2.82181 155561 236766
1.134 122022 34002.6 2.82192 156027 237332
1.136 122379 34111.3 2.82203 156493 237898
1.138 122737 34220.1 2.82214 156960 238464
1.14 123095 34328.8 2.82224 157426 239030
1.142 123452 34437.6 2.82235 157893 239596
1.144 123810 34546.3 2.82246 158359 240162
1.146 124168 34655.1 2.82257 158826 240728
1.148 124526 34763.8 2.82268 159293 241294
1.15 124884 34872.6 2.82279 159759 241861
1.152 125242 34981.3 2.8229 160226 242427
1.154 125600 35090.1 2.823 160693 242993
1.156 125958 35198.8 2.82311 161160 243559
1.158 126316 35307.6 2.82322 161627 244125
1.16 126675 35416.3 2.82333 162094 244692
1.162 127033 35525.1 2.82344 162561 245258
1.164 127391 35633.9 2.82355 163028 245824
1.166 127750 35742.6 2.82366 163495 246391
1.168 128108 35851.4 2.82377 163963 246957
1.17 128467 35960.2 2.82388 164430 247523
1.172 128825 36068.9 2.824 164897 248090
1.174 129184 36177.7 2.82411 165365 248656
1.176 129543 36286.5 2.82422 165832 249222
1.178 129902 36395.3 2.82433 166300 249789
1.18 130260 36504.1 2.82444 166767 250355
1.182 130619 36612.9 2.82455 167235 250922
1.184 130978 36721.7 2.82467 167703 251488
1.186 131337 36830.6 2.82478 168171 252055
1.188 131697 36939.4 2.82489 168639 252621
1.19 132056 37048.3 2.82501 169107 253188
1.192 132415 37157.1 2.82512 169575 253754
1.194 132774 37266 2.82523 170043 254321
1.196 133134 37374.9 2.82535 170512 254887
1.198 133493 37483.8 2.82546 170980 255454
1.2 133853 37592.7 2.82558 171449 256021
1.202 134213 37701.6 2.82569 171917 256587
1.204 134572 37810.5 2.82581 172386 257154
1.206 134932 37919.5 2.82593 172854 257721
1.208 135292 38028.4 2.82604 173323 258287
1.21 135652 38137.4 2.82616 173792 258854
1.212 136012 38246.4 2.82628 174261 259421
1.214 136372 38355.3 2.82639 174730 259987
1.216 136732 38464.3 2.82651 175199 260554
1.218 137092 38573.3 2.82663 175668 261121
1.22 137452 38682.2 2.82675 176137 261688
1.222 137813 38791.2 2.82686 176607 262255
1.224 138173 38900.2 2.82698 177076 262822
1.226 138533 39009.1 2.8271 177545 263388
1.228 138894 39118.1 2.82722 178015 263955
1.23 139254 39227.1 2.82734 178484 264522
1.232 139615 39336.1 2.82746 178954 265089
1.234 139975 39445.1 2.82758 179423 265656
1.236 140336 39554.1 2.8277 179893 266223
1.238 140697 39663.1 2.82782 180363 266790
1.24 141058 39772.1 2.82794 180833 267357
1.242 141419 39881.1 2.82806 181302 267924
1.244 141779 39990.1 2.82818 181772 268491
1.246 142141 40099.1 2.8283 182243 269058
1.248 142502 40208.2 2.82842 182713 269625
1.25 142863 40317.3 2.82854 183183 270192
1.252 143224 40426.3 2.82866 183653 270760
1.254 143585 40535.4 2.82879 184124 271327
1.256 143947 40644.5 2.82891 184594 271894
1.258 144308 40753.6 2.82903 185065 272461
1.26 144670 40862.7 2.82915 185535 273028
1.262 145031 40971.9 2.82928 186006 273596
1.264 145393 41081 2.8294 186477 274163
1.266 145755 41190.2 2.82952 186948 274730
1.268 146117 41299.4 2.82964 187419 275297
1.27 146479 41408.5 2.82977 187890 275865
1.272 146841 41517.7 2.82989 188361 276432
1.274 147203 41626.8 2.83001 188832 277000
1.276 147565 41736 2.83014 189304 277567
1.278 147927 41845.2 2.83026 189775 278134
1.28 148289 41954.4 2.83039 190246 278702
1.282 148651 42063.6 2.83051 190718 279269
1.284 149014 42172.8 2.83063 191189 279837
1.286 149376 42282 2.83076 191661 280404
1.288 149739 42391.2 2.83088 192133 280972
1.29 150101 42500.4 2.83101 192604 281539
1.292 150464 42609.6 2.83113 193076 282107
1.294 150826 42718.8 2.83126 193548 282674
1.296 151189 42828 2.83138 194020 283242
1.298 151552 42937.2 2.83151 194492 283810
1.3 151914 43046.4 2.83164 194964 284377
1.302 152277 43155.6 2.83176 195436 284945
1.304 152640 43264.8 2.83189 195908 285513
1.306 153003 43374.1 2.83202 196380 286080
1.308 153366 43483.3 2.83214 196852 286648
1.31 153729 43592.5 2.83227 197325 287216
1.312 154092 43701.7 2.8324 197797 287784
1.314 154456 43810.9 2.83252 198269 288351
1.316 154819 43920.1 2.83265 198742 288919
1.318 155182 44029.3 2.83278 199214 289487
1.32 155545 44138.5 2.83291 199687 290055
1.322 155909 44247.7 2.83303 200159 290623
1.324 156272 44356.9 2.83316 200632 291191
1.326 156636 44466.1 2.83329 201104 291759
1.328 156999 44575.3 2.83342 201577 292327
1.33 157363 44684.5 2.83355 202050 292895
1.332 157726 44793.6 2.83368 202523 293463
1.334 158090 44902.8 2.83381 202995 294031
1.336 158453 45012 2.83393 203468 294599
1.338 158817 45121.2 2.83406 203941 295167
1.34 159181 45230.4 2.83419 204414 295735
1.342 159544 45339.6 2.83432 204887 296303
1.344 159908 45448.8 2.83445 205360 296871
1.346 160272 45558 2.83458 205833 297439
1.348 160636 45667.2 2.83471 206306 298007
1.35 161000 45776.4 2.83484 206779 298576
1.352 161364 45885.6 2.83497 207252 299144
1.354 161727 45994.9 2.83511 207725 299712
1.356 162091 46104.1 2.83524 208198 300280
1.358 162455 46213.3 2.83537 208672 300849
1.36 162819 46322.5 2.8355 209145 301417
1.362 163183 46431.8 2.83563 209618 301985
1.364 163548 46541 2.83576 210091 302554
1.366 163912 46650.2 2.83589 210565 303122
1.368 164276 46759.5 2.83602 211038 303691
1.37 164640 46868.7 2.83616 211512 304259
1.372 165004 46977.9 2.83629 211985 304828
1.374 165368 47087.1 2.83642 212458 305396
1.376 165733 47196.4 2.83655 212932 305965
1.378 166097 47305.6 2.83669 213405 306533
1.38 166461 47414.8 2.83682 213879 307102
1.382 166825 47524.1 2.83695 214352 307670
1.384 167190 47633.3 2.83708 214826 308239
1.386 167554 47742.5 2.83722 215299 308808
1.388 167918 47851.7 2.83735 215773 309376
1.39 168283 47961 2.83748 216247 309945
1.392 168647 48070.2 2.83761 216720 310514
1.394 169012 48179.4 2.83775 217194 311082
1.396 169376 48288.6 2.83788 217667 311651
1.398 169740 48397.9 2.83801 218141 312220
1.4 170105 48507.1 2.83815 218615 312789
1.402 170469 48616.3 2.83828 219089 313358
1.404 170834 48725.5 2.83841 219562 313926
1.406 171198 48834.7 2.83855 220036 314495
1.408 171563 48944 2.83868 220510 315064
1.41 171928 49053.2 2.83881 220984 315633
1.412 172292 49162.4 2.83895 221457 316202
1.414 172657 49271.6 2.83908 221931 316771
1.416 173021 49380.8 2.83922 222405 317340
1.418 173386 49490.1 2.83935 222879 317909
1.42 173751 49599.3 2.83948 223353 318478
1.422 174115 49708.5 2.83962 223827 319047
1.424 174480 49817.7 2.83975 224301 319616
1.426 174845 49926.9 2.83989 224775 320186
1.428 175209 50036.1 2.84002 225248 320755
1.43 175574 50145.4 2.84015 225722 321324
1.432 175939 50254.6 2.84029 226196 321893
1.434 176304 50363.8 2.84042 226670 322462
1.436 176669 50473 2.84056 227144 323032
1.438 177033 50582.1 2.84069 227618 323601
1.44 177398 50691.2 2.84082 228092 324170
1.442 177763 50800.4 2.84096 228566 324740
1.444 178128 50909.5 2.84109 229040 325309
1.446 178493 51018.6 2.84123 229514 325879
1.448 178857 51127.7 2.84136 229988 326448
1.45 179222 51236.9 2.8415 230462 327017
1.452 179595 51343.3 2.84163 230942 327587
1.454 179964 51458.6 2.84178 231426 328156
1.456 180339 51584.1 2.84191 231926 328726
1.458 180716 51711.4 2.84203 232430 329296
1.46 181088 51829.9 2.84213 232921 329865
1.462 181457 51942.8 2.84222 233403 330435
1.464 181826 52054.1 2.84229 233883 331004
1.466 182195 52163.2 2.84237 234361 331574
1.468 182563 52271.5 2.84245 234837 332144
1.47 182930 52378.9 2.84252 235312 332713
1.472 183298 52486.7 2.8426 235788 333283
1.474 183666 52594.8 2.84267 236264 333853
1.476 184035 52702.8 2.84274 236740 334422
1.478 184403 52810.8 2.84281 237216 334992
1.48 184771 52918.8 2.84288 237692 335562
1.482 185139 53026.6 2.84295 238168 336131
1.484 185507 53134.6 2.84302 238644 336701
1.486 185875 53242.3 2.84308 239120 337271
1.488 186243 53349.8 2.84315 239596 337841
1.49 186611 53457.2 2.84322 240071 338410
1.492 186979 53564.6 2.84329 240546 338980
1.494 187347 53671.7 2.84336 241022 339550
1.496 187715 53778.8 2.84343 241497 340120
1.498 188083 53885.7 2.8435 241971 340690
1.5 188451 53992.5 2.84357 242446 341259
1.502 188819 54099.2 2.84364 242921 341829
1.504 189187 54205.8 2.84371 243395 342399
1.506 189555 54312.3 2.84378 243870 342969
1.508 189922 54418.7 2.84385 244344 343539
1.51 190290 54525 2.84392 244818 344109
1.512 190658 54631.2 2.84399 245292 344679
1.514 191026 54737.3 2.84406 245766 345249
1.516 191393 54843.3 2.84413 246240 345819
1.518 191761 54949.2 2.8442 246713 346388
1.52 192129 55055 2.84427 247187 346958
1.522 192496 55160.6 2.84434 247660 347528
1.524 192864 55266.2 2.84442 248133 348098
1.526 193231 55371.8 2.84449 248606 348668
1.528 193599 55477.3 2.84456 249079 349238
1.53 193966 55582.7 2.84463 249552 349808
1.532 194334 55688.1 2.84471 250025 350378
1.534 194701 55793.5 2.84478 250497 350949
1.536 195068 55898.8 2.84485 250970 351519
1.538 195436 56004.1 2.84493 251443 352089
1.54 195803 56109.3 2.845 251915 352659
1.542 196170 56214.5 2.84507 252387 353229
1.544 196537 56319.7 2.84515 252860 353799
1.546 196904 56424.9 2.84522 253332 354369
1.548 197271 56530 2.8453 253804 354939
1.55 197638 56635.1 2.84537 254276 355509
1.552 198005 56740.2 2.84545 254748 356080
1.554 198372 56845.3 2.84552 255220 356650
1.556 198739 56950.4 2.84559 255692 357220
1.558 199106 57055.5 2.84567 256164 357790
1.56 199473 57160.6 2.84574 256636 358361
1.562 199839 57265.6 2.84582 257108 358931
1.564 200206 57370.7 2.8459 257580 359501
1.566 200573 57475.9 2.84597 258051 360071
1.568 200940 57581 2.84605 258523 360642
1.57 201306 57686.1 2.84612 258995 361212
1.572 201673 57791.3 2.8462 259467 361782
1.574 202040 57896.4 2.84627 259939 362353
1.576 202406 58001.6 2.84635 260411 362923
1.578 202773 58106.8 2.84643 260882 363493
1.58 203139 58212 2.8465 261354 364064
1.582 203506 58317.3 2.84658 261826 364634
1.584 203873 58422.6 2.84666 262298 365204
1.586 204239 58527.9 2.84673 262770 365775
1.588 204606 58633.2 2.84681 263242 366345
1.59 204973 58738.5 2.84689 263714 366916
1.592 205339 58843.8 2.84697 264186 367486
1.594 205706 58949.1 2.84704 264658 368057
1.596 206072 59054.4 2.84712 265130 368627
1.598 206439 59159.7 2.8472 265602 369198
1.6 206806 59265.1 2.84728 266074 369768
1.602 207172 59370.5 2.84736 266545 370339
1.604 207539 59475.8 2.84743 267017 370909
1.606 207905 59581.2 2.84751 267489 371480
1.608 208272 59686.6 2.84759 267961 372050
1.61 208638 59792 2.84767 268433 372621
1.612 209005 59897.4 2.84775 268905 373192
1.614 209371 60002.8 2.84783 269377 373762
1.616 209738 60108.2 2.84791 269849 374333
1.618 210104 60213.7 2.84799 270321 374904
1.62 210471 60319.1 2.84807 270793 375474
1.622 210837 60424.6 2.84814 271265 376045
1.624 211204 60530.2 2.84822 271737 376616
1.626 211570 60635.6 2.8483 272209 377186
1.628 211937 60741 2.84838 272681 377757
1.63 212303 60846.5 2.84846 273152 378328
1.632 212669 60951.9 2.84854 273624 378899
1.634 213036 61057.4 2.84862 274096 379469
1.636 213402 61162.9 2.8487 274568 380040
1.638 213768 61268.4 2.84878 275040 380611
1.64 214135 61373.9 2.84886 275512 381182
1.642 214501 61479.4 2.84894 275983 381753
1.644 214867 61584.9 2.84903 276455 382324
1.646 215234 61690.5 2.84911 276927 382895
1.648 215600 61796 2.84919 277399 383465
1.65 215966 61901.6 2.84927 277871 384036
1.652 216332 62007.2 2.84935 278343 384607
1.654 216699 62112.9 2.84943 278814 385178
1.656 217065 62218.6 2.84951 279286 385749
1.658 217431 62324.3 2.84959 279758 386320
1.66 217798 62430.1 2.84967 280231 386891
1.662 218164 62535.9 2.84975 280703 387462
1.664 218530 62641.8 2.84983 281175 388033
1.666 218898 62747.2 2.84991 281648 388604
1.668 219266 62851.8 2.84998 282120 389175
1.67 219631 62949.4 2.85006 282583 389746
1.672 219995 63043.9 2.85014 283042 390317
1.674 220361 63137.4 2.85023 283501 390889
1.676 220728 63231.2 2.85033 283962 391460
1.678 221094 63323.9 2.85041 284421 392031
1.68 221460 63415 2.8505 284878 392602
1.682 221827 63505.2 2.85058 285335 393173
1.684 222193 63595.4 2.85067 285791 393744
1.686 222560 63686 2.85075 286249 394316
1.688 222928 63776.3 2.85082 286707 394887
1.69 223295 63866.2 2.8509 287164 395458
1.692 223662 63955.8 2.85098 287621 396029
1.694 224029 64045.1 2.85105 288077 396600
1.696 224397 64134.4 2.85112 288534 397172
1.698 224764 64223.4 2.8512 288990 397743
1.7 225132 64312.5 2.85127 289447 398314
1.702 225499 64401.4 2.85134 289903 398886
1.704 225867 64490.3 2.85141 290360 399457
1.706 226234 64579.1 2.85148 290816 400028
1.708 226602 64667.9 2.85155 291272 400600
1.71 226969 64756.7 2.85162 291729 401171
1.712 227337 64845.4 2.85169 292185 401742
1.714 227704 64934.3 2.85176 292641 402314
1.716 228072 65023.1 2.85183 293098 402885
1.718 228440 65111.9 2.8519 293554 403457
1.72 228807 65200.6 2.85197 294011 404028
1.722 229175 65289.3 2.85204 294467 404600
1.724 229542 65378 2.85211 294923 405171
1.726 229910 65466.6 2.85218 295379 405743
1.728 230277 65555.2 2.85225 295835 406314
1.73 230644 65643.8 2.85232 296291 406886
1.732 231012 65732.3 2.85239 296747 407457
1.734 231379 65820.8 2.85246 297202 408029
1.736 231746 65909.3 2.85254 297658 408600
1.738 232113 65997.7 2.85261 298114 409172
1.74 232480 66086.1 2.85268 298569 409743
1.742 232847 66174.5 2.85275 299025 410315
1.744 233214 66262.8 2.85282 299480 410887
1.746 233581 66351.1 2.85289 299935 411458
1.748 233948 66439.4 2.85297 300391 412030
1.75 234315 66527.6 2.85304 300846 412602
1.752 234682 66615.9 2.85311 301301 413173
1.754 235049 66704.1 2.85318 301756 413745
1.756 235416 66792.3 2.85325 302211 414317
1.758 235783 66880.4 2.85332 302666 414888
1.76 236149 66968.6 2.85339 303121 415460
1.762 236516 67056.8 2.85346 303576 416032
1.764 236883 67145 2.85354 304031 416604
1.766 237250 67233.1 2.85361 304486 417175
1.768 237617 67321.3 2.85368 304941 417747
1.77 237983 67409.4 2.85375 305396 418319
1.772 238350 67497.6 2.85382 305850 418891
1.774 238717 67585.7 2.85389 306305 419462
1.776 239083 67673.8 2.85396 306760 420034
1.778 239450 67761.9 2.85403 307215 420606
1.78 239817 67850 2.85411 307670 421178
1.782 240184 67938.1 2.85418 308125 421750
1.784 240550 68026.2 2.85425 308579 422322
1.786 240917 68114.3 2.85432 309034 422894
1.788 241284 68202.4 2.85439 309489 423466
1.79 241650 68290.5 2.85446 309944 424038
1.792 242017 68378.6 2.85453 310398 424610
1.794 242384 68466.7 2.8546 310853 425182
1.796 242750 68554.8 2.85468 311308 425753
1.798 243117 68642.9 2.85475 311763 426325
1.8 243484 68731 2.85482 312218 426897
1.802 243850 68819.1 2.85489 312672 427470
1.804 244217 68907.1 2.85496 313127 428042
1.806 244584 68995.2 2.85503 313582 428614
1.808 244951 69083.2 2.8551 314037 429186
1.81 245317 69171.3 2.85517 314491 429758
1.812 245684 69259.4 2.85524 314946 430330
1.814 246051 69347.4 2.85531 315401 430902
1.816 246417 69435.4 2.85539 315856 431474
1.818 246784 69523.5 2.85546 316310 432046
1.82 247151 69611.5 2.85553 316765 432618
1.822 247517 69699.5 2.8556 317220 433191
1.824 247884 69787.5 2.85567 317674 433763
1.826 248251 69875.5 2.85574 318129 434335
1.828 248617 69963.5 2.85581 318584 434907
1.83 248984 70051.5 2.85588 319038 435479
1.832 249351 70139.5 2.85595 319493 436052
1.834 249717 70227.5 2.85603 319948 436624
1.836 250084 70315.4 2.8561 320402 437196
1.838 250451 70403.4 2.85617 320857 437768
1.84 250817 70491.4 2.85624 321312 438341
1.842 251184 70579.3 2.85631 321766 438913
1.844 251551 70667.2 2.85638 322221 439485
1.846 251917 70755.1 2.85645 322675 440058
1.848 252284 70843 2.85652 323130 440630
1.85 252651 70930.9 2.85659 323584 441202
1.852 253017 71018.8 2.85666 324039 441775
1.854 253384 71106.6 2.85674 324493 442347
1.856 253751 71194.5 2.85681 324948 442920
1.858 254117 71282.3 2.85688 325402 443492
1.86 254488 71371.6 2.85695 325863 444064
1.862 254855 71465.5 2.85701 326323 444637
1.864 255222 71558.2 2.85705 326783 445209
1.866 255591 71653.2 2.85711 327247 445782
1.868 255959 71750.2 2.85716 327712 446354
1.87 256328 71846.4 2.85721 328177 446927
1.872 256696 71944.4 2.85726 328644 447499
1.874 257064 72040.5 2.8573 329108 448072
1.876 257433 72136.4 2.85735 329572 448644
1.878 257799 72230.7 2.8574 330033 449217
1.88 258167 72325.4 2.85746 330496 449790
1.882 258533 72419 2.8575 330955 450362
1.884 258901 72513 2.85756 331417 450935
1.886 259268 72606.3 2.85761 331877 451507
1.888 259635 72699.7 2.85766 332338 452080
1.89 260002 72792.7 2.85771 332797 452652
1.892 260369 72885.4 2.85776 333257 453225
1.894 260736 72977.9 2.85781 333717 453798
1.896 261103 73070.3 2.85786 334176 454370
1.898 261469 73163 2.85791 334635 454943
1.9 261836 73255.6 2.85797 335095 455516
1.902 262203 73348.4 2.85802 335555 456088
1.904 262570 73441.4 2.85807 336015 456661
1.906 262937 73534.2 2.85812 336474 457234
1.908 263304 73627.1 2.85817 336934 457807
1.91 263671 73719.9 2.85822 337394 458379
1.912 264037 73812.9 2.85827 337853 458952
1.914 264404 73905.6 2.85832 338313 459525
1.916 264771 73998.5 2.85837 338773 460098
1.918 265138 74091.4 2.85842 339232 460670
1.92 265505 74184.5 2.85847 339692 461243
1.922 265873 74278.4 2.85852 340154 461816
1.924 266256 74388.8 2.85857 340647 462389
1.926 266628 74495.2 2.85858 341126 462962
1.928 267002 74601 2.85861 341606 463534
1.93 267374 74704 2.85863 342081 464107
1.932 267745 74805.6 2.85865 342554 464680
1.934 268116 74907.3 2.85866 343026 465253
1.936 268487 75008.5 2.85868 343498 465826
1.938 268858 75109.9 2.8587 343971 466399
1.94 269228 75210.4 2.85871 344442 466971
1.942 269599 75311.1 2.85873 344913 467544
1.944 269969 75411.4 2.85874 345384 468117
1.946 270340 75512.2 2.85876 345855 468690
1.948 270710 75612.5 2.85877 346326 469263
1.95 271081 75713.3 2.85879 346797 469836
1.952 271451 75813.5 2.8588 347268 470408
1.954 271822 75914.1 2.85882 347739 470981
1.956 272192 76014.4 2.85884 348210 471554
1.958 272563 76114.9 2.85885 348681 472127
1.96 272933 76215.3 2.85887 349151 472700
1.962 273304 76315.8 2.85888 349622 473273
1.964 273674 76416.4 2.8589 350094 473846
1.966 274045 76517 2.85892 350565 474419
1.968 274415 76617.8 2.85893 351036 474991
1.97 274786 76718.5 2.85895 351507 475564
1.972 275157 76819.3 2.85896 351979 476137
1.974 275527 76920.2 2.85898 352450 476710
1.976 275898 77021.2 2.859 352922 477283
1.978 276268 77122.3 2.85901 353393 477856
1.98 276639 77223.4 2.85903 353865 478429
1.982 277009 77324.6 2.85905 354337 479002
1.984 277380 77425.8 2.85906 354809 479574
1.986 277751 77527.2 2.85908 355281 480147
1.988 278121 77628.7 2.8591 355753 480720
1.99 278492 77730.2 2.85911 356225 481293
1.992 278862 77831.7 2.85913 356697 481866
1.994 279233 77933.3 2.85915 357169 482439
1.996 279604 78035 2.85916 357641 483012
1.998 279974 78136.7 2.85918 358114 483585
2 280345 78238.5 2.8592 358586 484158
2.002 280715 78340.4 2.85921 359059 484731
2.004 281086 78442.3 2.85923 359531 485303
2.006 281457 78544.3 2.85925 360004 485876
2.008 281827 78646.5 2.85927 360477 486449
2.01 282198 78748.9 2.85928 360949 487022
2.012 282568 78851.4 2.8593 361423 487595
2.014 282939 78954 2.85932 361896 488168
2.016 283310 79056.8 2.85934 362369 488741
2.018 283680 79159.7 2.85935 362843 489314
2.02 284051 79262.9 2.85937 363317 489887
2.022 284422 79366.1 2.85939 363791 490460
2.024 284793 79469.6 2.8594 364265 491033
2.026 285163 79573.2 2.85942 364739 491606
2.028 285534 79676.9 2.85944 365214 492179
2.03 285905 79780.8 2.85946 365688 492752
2.032 286276 79884.9 2.85947 366163 493324
2.034 286646 79989.1 2.85949 366638 493897
2.036 287017 80093.5 2.85951 367113 494470
2.038 287388 80198 2.85953 367589 495043
2.04 287759 80302.7 2.85954 368064 495616
2.042 288130 80407.5 2.85956 368540 496189
2.044 288500 80512.5 2.85958 369016 496762
2.046 288871 80617.6 2.8596 369492 497335
2.048 289242 80722.9 2.85962 369968 497908
2.05 289613 80828.3 2.85963 370444 498481
2.052 289984 80933.9 2.85965 370921 499054
2.054 290355 81039.6 2.85967 371397 499627
2.056 290726 81145.5 2.85969 371874 500200
2.058 291097 81251.4 2.8597 372351 500773
2.06 291468 81357.6 2.85972 372828 501346
2.062 291839 81463.9 2.85974 373305 501919
2.064 292210 81570.3 2.85976 373783 502492
2.066 292581 81676.8 2.85977 374260 503065
2.068 292952 81783.6 2.85979 374738 503638
2.07 293323 81890.4 2.85981 375216 504211
2.072 293694 81997.4 2.85983 375694 504784
2.074 294065 82104.5 2.85985 376172 505357
2.076 294436 82211.8 2.85986 376650 505930
2.078 294807 82319.1 2.85988 377129 506503
2.08 295178 82426.7 2.8599 377608 507076
2.082 295549 82534.4 2.85992 378086 507649
2.084 295920 82642.3 2.85994 378565 508222
2.086 296291 82750.3 2.85995 379044 508795
2.088 296663 82858.4 2.85997 379524 509368
2.09 297034 82966.7 2.85999 380003 509941
2.092 297405 83075.1 2.86001 380483 510514
2.094 297776 83183.7 2.86003 380963 511087
2.096 298147 83292.4 2.86005 381443 511660
2.098 298519 83401.2 2.86006 381923 512233
2.1 298890 83510.2 2.86008 382403 512806
2.102 299261 83619.3 2.8601 382883 513379
2.104 299632 83728.7 2.86012 383364 513952
2.106 300004 83838.1 2.86014 383845 514525
2.108 300375 83947.7 2.86015 384325 515098
2.11 300746 84057.4 2.86017 384806 515671
2.112 301118 84167.2 2.86019 385288 516244
2.114 301489 84277.2 2.86021 385769 516817
2.116 301860 84387.3 2.86023 386250 517391
2.118 302232 84497.6 2.86025 386732 517964
2.12 302603 84608 2.86026 387214 518537
2.122 302974 84718.5 2.86028 387696 519110
2.124 303346 84829.2 2.8603 388178 519683
2.126 303717 84940 2.86032 388660 520256
2.128 304089 85050.8 2.86034 389142 520829
2.13 304460 85161.8 2.86036 389625 521402
2.132 304832 85272.9 2.86038 390107 521975
2.134 305203 85384.2 2.86039 390590 522548
2.136 305574 85495.5 2.86041 391073 523121
2.138 305946 85607 2.86043 391556 523694
2.14 306317 85718.5 2.86045 392039 524267
2.142 306689 85830.3 2.86047 392522 524840
2.144 307060 85942 2.86049 393005 525414
2.146 307432 86054 2.86051 393489 525987
2.148 307803 86166 2.86053 393972 526560
2.15 308175 86278.2 2.86054 394456 527133
2.152 308547 86390.5 2.86056 394940 527706
2.154 308918 86502.9 2.86058 395424 528279
2.156 309290 86615.4 2.8606 395908 528852
2.158 309661 86728.1 2.86062 396392 529425
2.16 310033 86840.8 2.86064 396877 529998
2.162 310405 86953.7 2.86066 397361 530572
2.164 310776 87066.7 2.86068 397846 531145
2.166 311148 87179.8 2.8607 398330 531718
2.168 311519 87293 2.86072 398815 532291
2.17 311891 87406.4 2.86073 399300 532864
2.172 312263 87519.8 2.86075 399786 533437
2.174 312634 87633.4 2.86077 400271 534010
2.176 313006 87747.1 2.86079 400756 534583
2.178 313378 87860.9 2.86081 401242 535157
2.18 313750 87974.9 2.86083 401727 535730
2.182 314121 88088.9 2.86085 402213 536303
2.184 314493 88203.1 2.86087 402699 536876
2.186 314865 88317.3 2.86089 403185 537449
2.188 315237 88431.7 2.86091 403671 538022
2.19 315608 88546.2 2.86093 404157 538595
2.192 315980 88660.9 2.86094 404644 539169
2.194 316352 88775.6 2.86096 405130 539742
2.196 316724 88890.4 2.86098 405617 540315
2.198 317096 89005.4 2.861 406104 540888
2.2 317467 89120.5 2.86102 406591 541461
2.202 317839 89235.6 2.86104 407078 542034
2.204 318211 89350.9 2.86106 407565 542608
2.206 318583 89466.3 2.86108 408052 543181
2.208 318955 89581.9 2.8611 408539 543754
2.21 319327 89697.5 2.86112 409027 544327
2.212 319699 89813.2 2.86114 409515 544900
2.214 320070 89929.1 2.86116 410002 545474
2.216 320442 90045 2.86118 410490 546047
2.218 320814 90161.1 2.8612 410978 546620
2.22 321186 90277.2 2.86122 411466 547193
2.222 321558 90393.5 2.86123 411955 547766
2.224 321930 90509.9 2.86125 412443 548340
2.226 322302 90626.3 2.86127 412931 548913
2.228 322674 90742.9 2.86129 413420 549486
2.23 323046 90859.6 2.86131 413908 550059
2.232 323418 90976.4 2.86133 414397 550632
2.234 323790 91093.2 2.86135 414886 551206
2.236 324162 91210.2 2.86137 415375 551779
2.238 324534 91327.3 2.86139 415864 552352
2.24 324906 91444.5 2.86141 416353 552925
2.242 325278 91561.8 2.86143 416843 553498
2.244 325650 91679.2 2.86145 417332 554072
2.246 326022 91796.7 2.86147 417822 554645
2.248 326394 91914.3 2.86149 418311 555218
2.25 326766 92032 2.86151 418801 555791
2.252 327138 92149.8 2.86153 419291 556365
2.254 327510 92267.8 2.86155 419781 556938
2.256 327882 92385.9 2.86157 420271 557511
2.258 328254 92504 2.86159 420761 558084
2.26 328626 92622.3 2.86161 421252 558658
2.262 328999 92740.7 2.86163 421742 559231
2.264 329371 92859.2 2.86165 422233 559804
2.266 329743 92977.7 2.86167 422723 560377
2.268 330115 93096.4 2.86169 423214 560951
2.27 330487 93215.2 2.86171 423705 561524
2.272 330859 93334.1 2.86173 424196 562097
2.274 331231 93453.1 2.86175 424687 562671
2.276 331603 93572.2 2.86177 425178 563244
2.278 331975 93691.3 2.86179 425670 563817
2.28 332348 93810.7 2.86181 426161 564390
2.282 332720 93930.1 2.86183 426653 564964
2.284 333092 94049.5 2.86185 427144 565537
2.286 333464 94169.1 2.86187 427636 566110
2.288 333836 94288.8 2.86189 428128 566683
2.29 334209 94408.6 2.86191 428620 567257
2.292 334581 94528.4 2.86192 429112 567830
2.294 334953 94648.3 2.86194 429604 568403
2.296 335325 94768.4 2.86197 430097 568977
2.298 335698 94888.6 2.86198 430589 569550
2.3 336070 95008.8 2.862 431081 570123
2.302 336442 95129.1 2.86202 431574 570697
2.304 336814 95249.5 2.86205 432067 571270
2.306 337186 95370.1 2.86207 432559 571843
2.308 337559 95490.6 2.86208 433052 572417
2.31 337931 95611.2 2.86211 433545 572990
2.312 338303 95732 2.86213 434038 573563
2.314 338676 95852.9 2.86215 434531 574137
2.316 339048 95973.9 2.86217 435025 574710
2.318 339420 96094.8 2.86219 435518 575283
2.32 339792 96215.9 2.86221 436011 575857
2.322 340165 96337.2 2.86223 436505 576430
2.324 340537 96458.5 2.86225 436998 577003
2.326 340909 96579.8 2.86227 437492 577577
2.328 341282 96701.3 2.86229 437986 578150
2.33 341654 96822.9 2.86231 438480 578723
2.332 342026 96944.6 2.86233 438974 579297
2.334 342399 97066.2 2.86235 439468 579870
2.336 342771 97188 2.86237 439962 580443
2.338 343143 97310.1 2.86239 440456 581017
2.34 343516 97432.1 2.86241 440951 581590
2.342 343888 97554.1 2.86243 441445 582164
2.344 344260 97676.3 2.86245 441940 582737
2.346 344633 97798.7 2.86247 442434 583310
2.348 345005 97921.2 2.86249 442929 583884
2.35 345378 98043.5 2.86251 443424 584457
2.352 345750 98166.1 2.86253 443919 585030
2.354 346122 98288.9 2.86255 444414 585604
2.356 346495 98411.7 2.86257 444909 586177
2.358 346867 98534.6 2.86259 445405 586751
2.36 347240 98657.5 2.86261 445900 587324
2.362 347612 98780.7 2.86263 446396 587897
2.364 347984 98904 2.86265 446891 588471
2.366 348357 99027.2 2.86267 447387 589044
2.368 348729 99150.4 2.86269 447883 589618
2.37 349102 99274 2.86272 448379 590191
2.372 349474 99397.7 2.86274 448875 590764
2.374 349847 99521.2 2.86276 449371 591338
2.376 350219 99644.9 2.86278 449867 591911
2.378 350592 99768.9 2.8628 450363 592485
2.38 350964 99892.9 2.86282 450860 593058
2.382 351337 100017 2.86284 451356 593632
2.384 351709 100141 2.86286 451853 594205
2.386 352082 100265 2.86288 452350 594778
2.388 352454 100390 2.8629 452847 595352
2.39 352827 100514 2.86292 453343 595925
2.392 353199 100638 2.86294 453840 596499
2.394 353572 100763 2.86296 454337 597072
2.396 353944 100888 2.86298 454835 597646
2.398 354317 101012 2.863 455332 598219
2.4 354689 101137 2.86303 455829 598793
2.402 355062 101262 2.86305 456326 599366
2.404 355434 101387 2.86307 456824 599940
2.406 355807 101511 2.86309 457321 600513
2.408 356179 101636 2.86311 457818 601086
2.41 356552 101761 2.86313 458315 601660
2.412 356924 101885 2.86315 458812 602233
2.414 357297 102010 2.86317 459310 602807
2.416 357669 102135 2.8632 459807 603380
2.418 358042 102259 2.86322 460304 603954
2.42 358414 102384 2.86324 460801 604527
2.422 358787 102509 2.86326 461298 605101
2.424 359159 102634 2.86328 461796 605674
2.426 359532 102758 2.8633 462293 606248
2.428 359904 102883 2.86332 462790 606821
2.43 360277 103008 2.86335 463287 607395
2.432 360649 103132 2.86337 463784 607968
2.434 361021 103257 2.86339 464281 608542
2.436 361394 103382 2.86341 464778 609115
2.438 361766 103506 2.86343 465276 609689
2.44 362139 103631 2.86345 465773 610262
2.442 362511 103756 2.86348 466270 610836
2.444 362884 103880 2.8635 466767 611409
2.446 363256 104005 2.86352 467264 611983
2.448 363629 104130 2.86354 467762 612557
2.45 364001 104255 2.86356 468259 613130
2.452 364374 104379 2.86358 468756 613704
2.454 364746 104504 2.86361 469253 614277
2.456 365119 104629 2.86363 469750 614851
2.458 365491 104753 2.86365 470247 615424
2.46 365864 104878 2.86367 470744 615998
2.462 366236 105003 2.86369 471242 616571
2.464 366609 105127 2.86372 471739 617145
2.466 366981 105252 2.86374 472236 617718
2.468 367354 105377 2.86376 472733 618292
2.47 367726 105501 2.86378 473230 618866
2.472 368098 105626 2.8638 473727 619439
2.474 368471 105751 2.86382 474225 620013
2.476 368843 105875 2.86385 474722 620586
2.478 369216 106000 2.86387 475219 621160
2.48 369588 106125 2.86389 475716 621734
2.482 369961 106249 2.86391 476213 622307
2.484 370333 106374 2.86393 476710 622881
2.486 370706 106499 2.86396 477207 623454
2.488 371078 106623 2.86398 477705 624028
2.49 371451 106748 2.864 478202 624601
2.492 371823 106873 2.86402 478699 625175
2.494 372196 106997 2.86404 479196 625749
2.496 372568 107122 2.86407 479693 626322
2.498 372941 107247 2.86409 480190 626896
2.5 373313 107371 2.86411 480687 627470
