0.0435556 0.0168617 0.0635061 0.0342517
0.0471111 -0 -0 0.0272988
0.0506667 -0 -0 0.148479
0.0542222 -0 -0 0.418594
0.0577778 -0.00301289 0.435924 0.58026
0.0613333 8.63368e-05 0.822164 0.436381
0.0648889 0.000150801 0.849317 0.465604
0.0684444 -0.000728019 0.864031 1.40009
0.072 -6.46104e-05 0.88721 1.23125
0.0755556 -0.00283129 1.34643 2.31539
0.0791111 -0.00197315 1.78487 2.70337
0.0826667 -0.000200682 1.96462 2.91733
0.0862222 0.000165713 1.88719 3.83915
0.0897778 0.000764263 1.72298 3.93506
0.0933333 -0.00103769 1.44216 5.50987
0.0968889 -0.00334913 2.4539 4.33885
0.100444 -0.00615363 2.9062 9.71931
0.104 -0.000733098 3.31546 10.1566
0.107556 0.000905673 3.2971 7.49216
0.111111 -0.00427872 3.17032 9.25868
0.114667 0.00108907 3.40397 10.8411
0.118222 -0.00479653 3.16764 11.8912
0.121778 -0.0109756 4.04561 14.9741
0.125333 0.000235327 5.42639 15.587
0.128889 -0.00146612 4.44067 14.674
0.132444 -0.000659631 3.51816 17.411
0.136 -0.00841779 5.41502 18.6911
0.139556 -0.00191865 5.9458 22.8505
0.143111 -0.00032681 4.56321 23.0484
0.146667 0.0010723 5.99147 25.4992
0.150222 0.00487666 5.15069 29.0371
0.153778 0.0185178 3.23404 17.8915
0.157333 0.00147584 2.93868 21.5176
0.160889 -0.00253158 2.44148 22.1088
0.164444 0.00209714 2.79167 19.2638
0.168 0.00690024 2.94983 27.4906
0.171556 0.00871133 2.04627 30.6005
0.175111 0.00211392 1.44807 22.6521
0.178667 0.00171331 1.13093 16.5565
0.182222 0.00199609 0.885573 23.3449
0.185778 0.00187205 0.797619 25.8357
0.189333 0.00438957 0.571028 22.0106
0.192889 -0.000432161 0.373591 21.9068
0.196444 0.00249583 0.288871 25.619
0.2 0.000218888 0.0313053 20.4112
0.203556 0.000219199 0.0313068 20.4112
0.207111 0.002497 0.288882 25.619
0.210667 -0.000426189 0.373644 21.9068
0.214222 0.00439317 0.571037 22.0106
0.217778 0.00187395 0.797582 25.8357
0.221333 0.00199445 0.885546 23.3448
0.224889 0.00170759 1.1309 16.5564
0.228444 0.00211392 1.44807 22.652
0.232 0.00870391 2.04624 30.6004
0.235556 0.00689663 2.94975 27.4905
0.239111 0.00210751 2.79171 19.2638
0.242667 -0.00253158 2.44148 22.1087
0.246222 0.00149408 2.9387 21.5176
0.249778 0.0185178 3.23404 17.8915
0.253333 0.00488392 5.15059 29.037
0.256889 0.0010723 5.99147 25.4992
0.260444 -0.000337609 4.56332 23.0483
0.264 -0.00191865 5.9458 22.8505
0.267556 -0.00843141 5.41489 18.691
0.271111 -0.000659631 3.51816 17.411
0.274667 -0.00146612 4.44067 14.674
0.278222 0.000237584 5.42648 15.587
0.281778 -0.0109756 4.04561 14.9741
0.285333 -0.00479653 3.16764 11.8912
0.288889 0.00108907 3.40397 10.8411
0.292444 -0.00427285 3.17019 9.25866
0.296 0.000905673 3.2971 7.49218
0.299556 -0.000733098 3.31546 10.1566
0.303111 -0.00615363 2.9062 9.71931
0.306667 -0.00334144 2.45376 4.33885
0.310222 -0.00103769 1.44216 5.50988
0.313778 0.000764263 1.72298 3.93509
0.317333 0.000165713 1.88719 3.83917
0.320889 -0.000200682 1.96462 2.91733
0.324444 -0.00197315 1.78487 2.70338
0.328 -0.00283376 1.34639 2.31542
0.331556 -6.46104e-05 0.88721 1.23123
0.335111 -0.000728019 0.864031 1.40015
0.338667 0.000150801 0.849317 0.465662
0.342222 8.63307e-05 0.822164 0.436412
0.345778 -0.00301291 0.436007 0.580376
0.349333 -0 -0 0.418596
0.352889 -0 -0 0.148479
0.356444 -0 -0 0.0272897
0.36 0.0168419 0.0636064 0.0342381
