0.0000000000000000e+00 -nan 0.0000000000000000e+00
2.0000000000000039e-03 -4.9785646215033130e+03 7.3260908184532241e+00
4.0000000000000088e-03 -4.1089640718987166e+03 1.0276557378844569e+01
6.0000000000000140e-03 -3.5422392253654439e+03 1.3668979060723123e+01
8.0000000000000106e-03 -2.6639300710122893e+03 1.6478159760084431e+01
9.9999999999999291e-03 -5.8279978482201818e+02 1.8674124360623537e+01
1.1999999999999848e-02 4.5470028206112509e+01 1.9752376459503129e+01
1.3999999999999766e-02 4.1564763647855145e+01 2.2888201261418907e+01
1.5999999999999685e-02 7.7283783871190778e+01 2.3437968997909955e+01
1.7999999999999603e-02 6.5123597078138332e+01 2.3417701410225227e+01
1.9999999999999522e-02 5.8669335642474238e+01 2.6258438055367431e+01
2.1999999999999440e-02 9.0381661505097725e+01 2.5859485548231426e+01
2.3999999999999359e-02 7.4168411084415553e+01 2.6684013256959418e+01
2.5999999999999277e-02 7.9968285444378253e+01 2.8449022185347005e+01
2.7999999999999196e-02 9.7895958593717239e+01 2.7734229803609892e+01
2.9999999999999114e-02 8.0171738275691581e+01 2.9146501377386745e+01
3.1999999999999036e-02 8.7107348109675343e+01 2.9926358824407725e+01
3.3999999999998955e-02 9.9897134038433919e+01 2.9467667483876752e+01
3.5999999999998873e-02 8.9374420708048191e+01 3.0995793555950261e+01
3.7999999999998792e-02 9.4078689152419486e+01 3.1109517426657945e+01
3.9999999999998710e-02 9.3646954001517557e+01 3.1259118172114611e+01
4.1999999999998629e-02 8.9850241490924532e+01 3.2371743893369100e+01
4.3999999999998547e-02 9.7648717413062613e+01 3.2312533205879745e+01
4.5999999999998466e-02 9.4431784077934054e+01 3.2828820139683877e+01
4.7999999999998384e-02 9.4647994077289795e+01 3.3584362993169684e+01
4.9999999999998303e-02 9.8538568332652588e+01 3.3735983796175759e+01
5.1999999999998221e-02 9.4380378393233414e+01 3.4526440045206463e+01
5.3999999999998140e-02 1.0382829906661236e+02 3.4063540482879787e+01
5.5999999999998058e-02 9.7234637243716790e+01 3.4418865748873756e+01
5.7999999999997977e-02 1.0271838847999824e+02 3.5066960286313005e+01
5.9999999999997895e-02 9.5799687528922576e+01 3.4965494111034246e+01
6.1999999999997814e-02 9.9255599323302334e+01 3.5401546857468489e+01
6.3999999999998253e-02 9.5461607453611975e+01 3.5560837187615675e+01
6.5999999999998865e-02 1.0036717905401684e+02 3.5591935164582068e+01
6.7999999999999478e-02 9.9670440911478579e+01 3.5798996562516180e+01
7.0000000000000090e-02 9.6543300281989445e+01 3.6016513809340580e+01
7.2000000000000702e-02 9.6762886499238491e+01 3.6099852228357179e+01
7.4000000000001315e-02 9.7199705010940036e+01 3.6123697581454138e+01
7.6000000000001927e-02 1.0324779451561503e+02 3.6299284412739837e+01
7.8000000000002540e-02 1.0174104602286836e+02 3.6285671204626482e+01
8.0000000000003152e-02 1.0387352124653638e+02 3.6276110883274654e+01
8.2000000000003764e-02 1.0254180053499385e+02 3.6346630873779546e+01
8.4000000000004377e-02 1.0198511803547241e+02 3.6365217547585289e+01
8.6000000000004989e-02 1.0212809560271810e+02 3.6266272812545552e+01
8.8000000000005602e-02 1.0111966080756254e+02 3.6281172629074220e+01
9.0000000000006214e-02 1.0111185865015294e+02 3.6217064206656929e+01
9.2000000000006826e-02 1.0022887074565116e+02 3.6157207146624472e+01
9.4000000000007439e-02 1.0143130060318116e+02 3.6110050797002373e+01
9.6000000000008051e-02 9.9677670048082788e+01 3.5950979187242261e+01
9.8000000000008664e-02 1.0046408568157887e+02 3.5887595974315957e+01
1.0000000000000928e-01 1.0152043549894408e+02 3.5734063751783779e+01
1.0200000000000989e-01 1.0151525131405575e+02 3.5646260516017044e+01
1.0400000000001050e-01 1.0161200479674579e+02 3.5561908903239711e+01
1.0600000000001111e-01 1.0231551311038947e+02 3.5495807679082503e+01
1.0800000000001173e-01 1.0209948417154595e+02 3.5409392512129997e+01
1.1000000000001234e-01 1.0176032232880263e+02 3.5360721230259479e+01
1.1200000000001295e-01 1.0182317637970962e+02 3.5341443764276157e+01
1.1400000000001356e-01 1.0099059956701876e+02 3.5326170899788245e+01
1.1600000000001418e-01 1.0088549250560042e+02 3.5328403954256011e+01
1.1800000000001479e-01 9.9949901899772300e+01 3.5330630806324670e+01
1.2000000000001540e-01 9.0973604005793732e+01 3.5308432558043222e+01
1.2200000000001601e-01 8.9766091787938691e+01 3.5387600556107920e+01
1.2400000000001662e-01 9.0058954995652613e+01 3.5507133341569578e+01
1.2600000000001654e-01 9.0642763761355937e+01 3.5563380463439763e+01
1.2800000000001577e-01 8.8134794877968972e+01 3.5797989577736018e+01
1.3000000000001499e-01 8.5946982188253131e+01 3.6103421741658337e+01
1.3200000000001422e-01 8.6006829734331973e+01 3.5447041341324919e+01
1.3400000000001344e-01 8.3143647908529033e+01 3.6093918274118174e+01
1.3600000000001267e-01 9.9354306769515233e+01 3.5951419636267531e+01
1.3800000000001189e-01 8.6354235674927978e+01 3.5962838294906469e+01
1.4000000000001112e-01 8.0498252659592893e+01 3.5767270555188418e+01
1.4200000000001034e-01 7.7619880802581761e+01 3.5942387343075644e+01
1.4400000000000956e-01 7.6284041684535453e+01 3.5884689761833222e+01
1.4600000000000879e-01 6.7822817583450416e+01 3.5670505102764771e+01
1.4800000000000801e-01 6.5682280108238700e+01 3.5695303184054474e+01
1.5000000000000724e-01 6.2706835066675687e+01 3.5437668622128989e+01
1.5200000000000646e-01 6.7109175270821666e+01 3.5143740446591927e+01
1.5400000000000569e-01 6.7449657558906637e+01 3.5088521577328059e+01
1.5600000000000491e-01 6.5834081800116948e+01 3.4824818016470886e+01
1.5800000000000414e-01 6.3377328609897425e+01 3.4655190844206373e+01
1.6000000000000336e-01 6.2952388393086153e+01 3.4391802488896460e+01
1.6200000000000259e-01 6.2212748347212639e+01 3.4158989900192417e+01
1.6400000000000181e-01 6.6358603686938096e+01 3.3631773593468182e+01
1.6600000000000104e-01 6.7175461385136884e+01 3.3264840445655409e+01
1.6800000000000026e-01 6.5362255573434922e+01 3.3021069263896237e+01
1.6999999999999948e-01 6.7285283705672398e+01 3.2885758190901520e+01
1.7199999999999871e-01 7.6752742778290468e+01 3.2634013172768348e+01
1.7399999999999793e-01 7.8174775618565491e+01 3.2434862774244579e+01
1.7599999999999716e-01 8.0343252582978181e+01 3.2332842067044453e+01
1.7799999999999638e-01 8.3200652398093666e+01 3.2190504665760756e+01
1.7999999999999561e-01 8.3530169083454865e+01 3.2091988254718160e+01
1.8199999999999483e-01 8.3632771079695246e+01 3.2045018676050660e+01
1.8399999999999406e-01 8.2633361078298151e+01 3.2026758008890212e+01
1.8599999999999328e-01 8.2181916057565957e+01 3.2061285034096571e+01
1.8799999999999251e-01 8.2719112399901135e+01 3.2085217944978190e+01
1.8999999999999173e-01 8.2746480422461588e+01 3.2140649305062787e+01
1.9199999999999096e-01 8.2065137458788527e+01 3.2248067430370938e+01
1.9399999999999018e-01 8.2129764754735277e+01 3.2348961520399165e+01
1.9599999999998940e-01 8.1456259354907090e+01 3.2477517151944788e+01
1.9799999999998863e-01 7.9855958265652390e+01 3.2680505841387820e+01
1.9999999999998785e-01 9.5774386998825861e+01 3.2554501283928005e+01
2.0199999999998708e-01 7.5444414593623094e+01 3.2530164995705846e+01
2.0399999999998630e-01 7.5507162433497768e+01 3.2603021175745091e+01
2.0599999999998553e-01 8.3158602645129378e+01 3.2761580242136745e+01
2.0799999999998475e-01 9.9604259269183984e+01 3.2529454560567849e+01
2.0999999999998398e-01 9.9189911770333708e+01 3.2437117585440511e+01
2.1199999999998320e-01 7.7800435324785767e+01 3.1881033503613395e+01
2.1399999999998243e-01 7.4655391626333497e+01 3.2088446279868585e+01
2.1599999999998165e-01 7.4946719010060278e+01 3.1883841761860360e+01
2.1799999999998088e-01 7.5111958992910743e+01 3.1686244685959409e+01
2.1999999999998010e-01 7.0410597882810890e+01 3.1448268549298746e+01
2.2199999999997932e-01 6.1337907437184207e+01 3.1277413015129220e+01
2.2399999999997855e-01 5.8326901762689111e+01 3.1073788528146089e+01
2.2599999999997777e-01 5.7282379021529174e+01 3.0821526630534478e+01
2.2799999999997700e-01 6.1008886215783775e+01 3.0606665990976133e+01
2.2999999999997622e-01 6.0124628727461179e+01 3.0472802511270274e+01
2.3199999999997545e-01 5.9611266303191044e+01 3.0233660745697314e+01
2.3399999999997467e-01 5.8454125626058321e+01 3.0041875521898277e+01
2.3599999999997390e-01 6.1516466656213005e+01 2.9857763271554916e+01
2.3799999999997312e-01 6.1028707148265426e+01 2.9700256193253558e+01
2.3999999999997235e-01 6.0773541976196363e+01 2.9540112653729118e+01
2.4199999999997157e-01 6.0174850633567154e+01 2.9403987820772976e+01
2.4399999999997080e-01 5.9653700062656036e+01 2.9274245409164564e+01
2.4599999999997002e-01 5.9935795661147232e+01 2.9162028726417489e+01
2.4799999999996925e-01 5.9676905016315260e+01 2.9034357204345682e+01
2.4999999999996847e-01 6.1576378909754652e+01 2.8966977506811993e+01
2.5199999999997047e-01 6.2119495208519311e+01 2.8665493186638038e+01
2.5399999999997247e-01 5.9606969691651408e+01 2.8623221525782441e+01
2.5599999999997447e-01 5.5776726485582493e+01 2.8577866957388345e+01
2.5799999999997647e-01 5.6701253915985191e+01 2.8551131925937867e+01
2.5999999999997847e-01 5.6817338976595330e+01 2.8585837178253726e+01
2.6199999999998047e-01 5.7036560329232174e+01 2.8626869115746146e+01
2.6399999999998247e-01 5.7238437337084399e+01 2.8736815074872517e+01
2.6599999999998447e-01 5.6142452095932015e+01 2.8886874619927639e+01
2.6799999999998647e-01 5.5288355970909457e+01 2.8918888586913440e+01
2.6999999999998847e-01 6.9607464576532067e+01 2.9023874710291913e+01
2.7199999999999047e-01 6.5371719741513132e+01 2.9083907960414180e+01
2.7399999999999247e-01 8.1067694684704620e+01 2.9383322175529578e+01
2.7599999999999447e-01 9.3078606598772154e+01 2.9342510047637937e+01
2.7799999999999647e-01 9.0076565385096501e+01 2.9315406738127223e+01
2.7999999999999847e-01 9.4654315202993274e+01 2.9588398976340955e+01
2.8200000000000047e-01 9.4513015043817830e+01 2.9185926076907826e+01
2.8400000000000247e-01 8.7624882632865948e+01 2.9451701336737592e+01
2.8600000000000447e-01 8.5869416490281253e+01 2.9373646815807625e+01
2.8800000000000647e-01 8.4149440367771632e+01 2.9316596451632989e+01
2.9000000000000847e-01 8.0645378537516351e+01 2.9202686818322839e+01
2.9200000000001047e-01 6.9850041799155207e+01 2.9114503482099487e+01
2.9400000000001247e-01 6.7135803455566304e+01 2.9046693492298274e+01
2.9600000000001447e-01 6.8250376758989574e+01 2.8888231672031637e+01
2.9800000000001647e-01 6.3662081422280274e+01 2.8793341152102784e+01
3.0000000000001847e-01 5.5001781718337249e+01 2.8669828341389298e+01
3.0200000000002047e-01 5.1705557546730148e+01 2.8543829571095884e+01
3.0400000000002247e-01 5.4964441058524415e+01 2.8389202863648272e+01
3.0600000000002447e-01 5.2375561858706028e+01 2.8239372051845784e+01
3.0800000000002647e-01 5.0526520379040889e+01 2.8094274599498803e+01
3.1000000000002848e-01 5.2484281425513466e+01 2.7962215264829531e+01
3.1200000000003048e-01 5.1028026781958211e+01 2.7822813176752476e+01
3.1400000000003248e-01 4.9885222199271006e+01 2.7682205380965520e+01
3.1600000000003448e-01 4.8993810577932848e+01 2.7552071515764645e+01
3.1800000000003648e-01 4.8167582034288607e+01 2.7436756552859734e+01
3.2000000000003848e-01 4.5104817180612315e+01 2.7320445681849876e+01
3.2200000000004048e-01 4.4990681571664680e+01 2.7226376721060227e+01
3.2400000000004248e-01 4.5853292918008954e+01 2.7111035557578738e+01
3.2600000000004448e-01 4.4383837079999097e+01 2.7038390680855933e+01
3.2800000000004648e-01 4.5582935655422943e+01 2.7027980574761024e+01
3.3000000000004848e-01 5.1685872481564651e+01 2.6964637404281177e+01
3.3200000000005048e-01 5.2804688951408309e+01 2.6937846704713913e+01
3.3400000000005248e-01 5.4711383524613026e+01 2.6954097800129823e+01
3.3600000000005448e-01 5.3429241148912752e+01 2.6972165597447464e+01
3.3800000000005648e-01 5.4052697692898157e+01 2.6991661484749656e+01
3.4000000000005848e-01 5.6504700852903881e+01 2.7040770585836476e+01
3.4200000000006048e-01 6.5327656847676408e+01 2.7190159001057815e+01
3.4400000000006248e-01 7.7925232188852377e+01 2.7048324206868713e+01
3.4600000000006448e-01 8.3564324717354395e+01 2.7033656746152005e+01
3.4800000000006648e-01 8.5450521141801602e+01 2.7161317745979566e+01
3.5000000000006848e-01 8.9590810491108613e+01 2.7234346350471050e+01
3.5200000000007048e-01 1.0258738181127670e+02 2.7247181766389112e+01
3.5400000000007248e-01 1.0130763994273458e+02 2.7273282967171824e+01
3.5600000000007448e-01 1.0249434855036507e+02 2.7179134139841999e+01
3.5800000000007648e-01 1.0551346237676182e+02 2.7131469968623172e+01
3.6000000000007848e-01 9.9921236565778145e+01 2.7077697180004584e+01
3.6200000000008048e-01 1.0072133153063041e+02 2.7090347611361132e+01
3.6400000000008248e-01 1.0158358400961444e+02 2.6987521981062756e+01
3.6600000000008448e-01 1.0448728743158398e+02 2.4206755980757841e+01
3.6800000000008648e-01 9.6227904089301092e+01 2.4873296985804849e+01
3.7000000000008848e-01 8.1653611526017372e+01 2.5321100853110451e+01
3.7200000000009048e-01 8.0479851540308019e+01 2.4911776208613887e+01
3.7400000000009248e-01 8.0336420429319062e+01 2.4738233018917505e+01
3.7600000000009448e-01 6.6543827719037182e+01 2.4690165426629711e+01
3.7800000000009648e-01 6.0527611912164254e+01 2.4511449597030229e+01
3.8000000000009848e-01 5.4457487957264910e+01 2.4383127843047902e+01
3.8200000000010048e-01 5.0192350542870749e+01 2.4193360341596637e+01
3.8400000000010248e-01 4.2247248556441022e+01 2.4099156131121319e+01
3.8600000000010448e-01 3.6883558009980028e+01 2.3918794743873811e+01
3.8800000000010648e-01 2.8410157622897767e+01 2.3731992156152501e+01
3.9000000000010848e-01 2.7298484940410304e+01 2.3649141197558599e+01
3.9200000000011048e-01 1.9839121111324946e+01 2.3430650107648532e+01
3.9400000000011248e-01 1.9220181316642901e+00 2.3328263330366052e+01
3.9600000000011448e-01 -2.4061609293421819e+02 2.3152052364629025e+01
3.9800000000011648e-01 -7.2058527547111032e+02 2.3009418711675238e+01
4.0000000000011848e-01 -1.1899286901299999e+03 2.2794973047509124e+01
4.0200000000012048e-01 -1.6459723814775739e+03 2.2598169927213185e+01
4.0400000000012248e-01 -2.0868526869952307e+03 2.2481548631605605e+01
4.0600000000012448e-01 -2.3605877778892764e+03 2.2299154036769636e+01
4.0800000000012648e-01 -2.5529541705334468e+03 2.2163409588673165e+01
4.1000000000012848e-01 -2.6153980389461631e+03 2.2015179085529898e+01
4.1200000000013048e-01 -2.4794976754085969e+03 2.1877503712421866e+01
4.1400000000013248e-01 -2.0341586826095051e+03 2.1658805513781719e+01
4.1600000000013448e-01 -1.2739820907080809e+03 2.1462146803841879e+01
4.1800000000013648e-01 -5.0520884190016596e+02 2.1391020756702758e+01
4.2000000000013848e-01 2.2723481310987363e+01 2.1375275977038996e+01
4.2200000000014048e-01 2.9376957383142969e+01 2.1244646516962035e+01
4.2400000000014249e-01 4.4764342717974138e+01 2.1010651299756333e+01
4.2600000000014449e-01 4.5883589030597861e+01 2.1039965308576562e+01
4.2800000000014649e-01 5.4296361844873012e+01 2.0868413818706436e+01
4.3000000000014849e-01 4.8293594818368923e+01 2.0798880394872342e+01
4.3200000000015049e-01 5.5400918684578016e+01 2.1048138961829061e+01
4.3400000000015249e-01 7.1057271893683620e+01 2.0993000396612501e+01
4.3600000000015449e-01 7.9422940082447823e+01 2.0735095432939104e+01
4.3800000000015649e-01 8.0636520948758019e+01 2.0827252698649161e+01
4.4000000000015849e-01 8.3708149548551319e+01 2.0758002118444679e+01
4.4200000000016049e-01 9.6660778340448616e+01 2.0770740064674243e+01
4.4400000000016249e-01 1.0200533496423000e+02 2.0708429112132535e+01
4.4600000000016449e-01 9.9481050960123255e+01 2.0661340561569055e+01
4.4800000000016649e-01 1.0339053844011683e+02 2.0625397051270696e+01
4.5000000000016849e-01 1.0591008800483444e+02 2.0560491775641992e+01
4.5200000000017049e-01 1.1646374862760676e+02 2.0530312605519491e+01
4.5400000000017249e-01 1.1692861161701018e+02 2.0322665215920921e+01
4.5600000000017449e-01 1.1245911534959207e+02 2.0404892859448005e+01
4.5800000000017649e-01 1.1288735481854835e+02 2.0233063828940068e+01
4.6000000000017849e-01 1.1219896129373591e+02 2.0101547900195193e+01
4.6200000000018049e-01 9.6634747030646750e+01 1.9925403828309207e+01
4.6400000000018249e-01 9.6116580161010504e+01 1.9817445487607991e+01
4.6600000000018449e-01 9.0734162365949032e+01 1.9639738956092231e+01
4.6800000000018649e-01 8.5563173310862055e+01 1.9495783963746241e+01
4.7000000000018849e-01 7.5299023111977917e+01 1.9329812652866195e+01
4.7200000000019049e-01 7.0510925251995545e+01 1.9182474658776293e+01
4.7400000000019249e-01 7.0658046060438693e+01 1.9060473969858784e+01
4.7600000000019449e-01 7.0333785317255391e+01 1.8943662726113402e+01
4.7800000000019649e-01 6.1799608865606572e+01 1.8672968288930299e+01
4.8000000000019849e-01 5.9607666642665379e+01 1.8608031062340466e+01
4.8200000000020049e-01 5.6260458817642537e+01 1.8535454852581999e+01
4.8400000000020249e-01 5.1557694092121537e+01 1.8368963998853378e+01
4.8600000000020449e-01 5.0365950360432159e+01 1.8387725060843692e+01
4.8800000000020649e-01 4.8429112512542673e+01 1.8192891892386701e+01
4.9000000000020849e-01 4.6769813805869248e+01 1.8198122128637468e+01
4.9200000000021049e-01 4.2665735670801077e+01 1.8105265634939617e+01
4.9400000000021249e-01 4.1845794404861181e+01 1.8098308534893768e+01
4.9600000000021449e-01 4.1586214799046985e+01 1.8050131256739210e+01
4.9800000000021649e-01 4.2912329484175636e+01 1.8005838227903830e+01
5.0000000000021849e-01 3.5681011752786517e+01 1.8073355762134103e+01
5.0200000000022049e-01 3.1040480266949338e+01 1.7922809819328169e+01
5.0400000000022249e-01 2.8843706581994073e+01 1.8014463828204370e+01
5.0600000000022449e-01 2.8833421577902627e+01 1.7941469539707946e+01
5.0800000000022649e-01 2.5867978802565990e+01 1.7914911131006328e+01
5.1000000000022849e-01 2.5704549441748405e+01 1.7891310608940969e+01
5.1200000000023049e-01 2.3366350075351619e+01 1.7743776460127641e+01
5.1400000000023249e-01 3.5717789836698785e+01 1.7845171915275998e+01
5.1600000000023449e-01 3.3451339801751978e+01 1.7424212756133151e+01
5.1800000000023649e-01 3.9867968107274727e+01 1.7706085664717076e+01
5.2000000000023849e-01 4.5705685804060685e+01 1.7259925774931578e+01
5.2200000000024049e-01 4.4388754049595534e+01 1.7258596851681759e+01
5.2400000000024249e-01 4.4510710135353172e+01 1.7233368206325490e+01
5.2600000000024449e-01 4.6394186720499427e+01 1.7069265743135425e+01
5.2800000000024649e-01 3.8771601200107703e+01 1.7225734032834630e+01
5.3000000000024849e-01 4.0996767678473461e+01 1.7121461214262673e+01
5.3200000000025049e-01 3.3968694446145903e+01 1.6986761538051553e+01
5.3400000000025249e-01 3.0744407965146220e+01 1.7110916931920684e+01
5.3600000000025450e-01 5.6688371058300440e+01 1.7274578508967856e+01
5.3800000000025650e-01 7.6335100474019541e+01 1.7379280370706084e+01
5.4000000000025850e-01 8.4633536022605725e+01 1.7332977316707236e+01
5.4200000000026050e-01 9.5812673200851620e+01 1.7415310158071314e+01
5.4400000000026250e-01 1.0025962916835869e+02 1.7400014452186788e+01
5.4600000000026450e-01 1.2020630116855173e+02 1.7426692156300291e+01
5.4800000000026650e-01 1.2253426520835714e+02 1.7388286020793167e+01
5.5000000000026850e-01 1.2894590763851113e+02 1.7368671694147530e+01
5.5200000000027050e-01 1.3526575140406231e+02 1.7384734945881689e+01
5.5400000000027250e-01 1.5264539847617991e+02 1.7330274740769930e+01
5.5600000000027450e-01 1.5813048065938864e+02 1.7318805983154562e+01
5.5800000000027650e-01 1.6195892389972428e+02 1.7298199332246234e+01
5.6000000000027850e-01 1.5361472962609807e+02 1.7276330549863445e+01
5.6200000000028050e-01 1.5653226181771788e+02 1.7244868856023469e+01
5.6400000000028250e-01 1.5822026023148808e+02 1.7186473900054647e+01
5.6600000000028450e-01 1.5664098912897541e+02 1.7088726613486553e+01
5.6800000000028650e-01 1.5409781381575721e+02 1.7032037629377498e+01
5.7000000000028850e-01 1.5159989627743957e+02 1.6986697078626001e+01
5.7200000000029050e-01 1.4803070619464881e+02 1.6915266160448610e+01
5.7400000000029250e-01 1.4388627134778022e+02 1.6839446719514122e+01
5.7600000000029450e-01 1.3998455553930449e+02 1.6770613662288394e+01
5.7800000000029650e-01 1.3516055096809220e+02 1.6707948755957180e+01
5.8000000000029850e-01 1.3202904642504018e+02 1.6645917822927576e+01
5.8200000000030050e-01 1.2957939015101994e+02 1.6587970102112997e+01
5.8400000000030250e-01 1.3711401937088226e+02 1.6528355129676584e+01
5.8600000000030450e-01 1.3315534212744134e+02 1.6430043519720083e+01
5.8800000000030650e-01 1.3097772488808258e+02 1.6405068411257727e+01
5.9000000000030850e-01 1.2603947401937175e+02 1.6152928407865989e+01
5.9200000000031050e-01 1.2175268477869588e+02 1.6205185869590874e+01
5.9400000000031250e-01 1.1703061823149285e+02 1.6010345690215772e+01
5.9600000000031450e-01 1.0392980937264099e+02 1.5997767787001614e+01
5.9800000000031650e-01 9.9597677671103511e+01 1.5881705893734395e+01
6.0000000000031850e-01 9.4705661166029955e+01 1.5845453800547219e+01
6.0200000000032050e-01 9.7510432694451339e+01 1.5700676420876100e+01
6.0400000000032250e-01 9.1761153125886622e+01 1.5665291315763223e+01
6.0600000000032450e-01 8.1376606260592382e+01 1.5531195844860367e+01
6.0800000000032650e-01 7.6718036368573976e+01 1.5521891231830800e+01
6.1000000000032850e-01 7.5502113504716931e+01 1.5520517541551307e+01
6.1200000000033050e-01 7.8582693773762216e+01 1.5365067638260239e+01
6.1400000000033250e-01 7.5851649416767472e+01 1.5434029430494281e+01
6.1600000000033450e-01 7.3194773177692753e+01 1.5311015558589641e+01
6.1800000000033650e-01 7.1175923803948081e+01 1.5374772437999169e+01
6.2000000000033850e-01 6.3882490478879454e+01 1.5157844684415039e+01
6.2200000000034050e-01 6.1768027185046606e+01 1.5327802343428122e+01
6.2400000000034250e-01 5.2740660006101010e+01 1.5153904358884418e+01
6.2600000000034450e-01 5.1354207342907181e+01 1.5281816997715570e+01
6.2800000000034650e-01 4.4024895122917492e+01 1.5162311900770710e+01
6.3000000000034850e-01 4.4704987004604519e+01 1.5263464509708033e+01
6.3200000000035050e-01 4.5238534651872385e+01 1.5197597052255148e+01
6.3400000000035250e-01 4.4649098901697670e+01 1.5252322840671280e+01
6.3600000000035450e-01 4.2835348698272966e+01 1.5164421021865611e+01
6.3800000000035650e-01 4.2770657042979174e+01 1.5333219574762261e+01
6.4000000000035850e-01 4.4587999097502390e+01 1.5226494090895681e+01
6.4200000000036050e-01 4.4315411509595556e+01 1.5300124117105831e+01
6.4400000000036250e-01 4.3783801479440022e+01 1.5244733656766318e+01
6.4600000000036450e-01 4.4592799942993395e+01 1.5239552274597056e+01
6.4800000000036651e-01 4.2115624444402606e+01 1.5151445940074471e+01
6.5000000000036851e-01 3.7251129417086439e+01 1.5161282577455221e+01
6.5200000000037051e-01 3.6036467314946250e+01 1.5112175079961759e+01
6.5400000000037251e-01 3.0833145363568281e+01 1.5110809002489525e+01
6.5600000000037451e-01 2.6254638404771658e+01 1.5084917017491456e+01
6.5800000000037651e-01 2.0988302694506537e+01 1.5070514851156478e+01
6.6000000000037851e-01 -4.0145300790377910e+01 1.5067737380939331e+01
6.6200000000038051e-01 -3.6673017093543274e+02 1.5058681691498460e+01
6.6400000000038251e-01 -8.7767811299925233e+02 1.5058353342066479e+01
6.6600000000038451e-01 -1.4263021715671732e+03 1.5031219648517069e+01
6.6800000000038651e-01 -2.0832160271297448e+03 1.5016002791480513e+01
6.7000000000038851e-01 -2.8187511463484766e+03 1.5004152379190362e+01
6.7200000000039051e-01 -3.5838179106996836e+03 1.4981916129117000e+01
6.7400000000039251e-01 -4.4382563093103936e+03 1.4998171910336918e+01
6.7600000000039451e-01 -5.2663284118752317e+03 1.4967267366556403e+01
6.7800000000039651e-01 -6.1083577419613912e+03 1.4991976586514689e+01
6.8000000000039851e-01 -6.9734202661428862e+03 1.5040364781029037e+01
6.8200000000040051e-01 -7.6115260955925914e+03 1.5225305459341079e+01
6.8400000000040251e-01 -6.5560633870903494e+03 1.4912757454363085e+01
6.8600000000040451e-01 -6.1371778817427066e+03 1.5110291029240393e+01
6.8800000000040651e-01 -5.2060122730144994e+03 1.4983787701380127e+01
6.9000000000040851e-01 -4.4627608730885740e+03 1.4942530598204229e+01
6.9200000000041051e-01 -3.7834656800700081e+03 1.5010771330709126e+01
6.9400000000041251e-01 -3.3323634014337958e+03 1.4938132150825410e+01
6.9600000000041451e-01 -3.1178098523890612e+03 1.4909266587203906e+01
6.9800000000041651e-01 -2.7511738451513729e+03 1.4997364059637189e+01
7.0000000000041851e-01 -2.1005059069285958e+03 1.4822941549941397e+01
7.0200000000042051e-01 -1.7840609392401818e+03 1.4990166078483281e+01
7.0400000000042251e-01 -1.4126716220323697e+03 1.4890214085828408e+01
7.0600000000042451e-01 -1.0942245978332903e+03 1.4879157871497657e+01
7.0800000000042651e-01 -7.2649986489693640e+02 1.4800732541053303e+01
7.1000000000042851e-01 -3.0102856700194997e+02 1.4788620462450549e+01
7.1200000000043051e-01 2.1862470656778051e+01 1.4799613864931196e+01
7.1400000000043251e-01 2.8897307203836949e+01 1.4820875041494830e+01
7.1600000000043451e-01 3.8584631967018495e+01 1.4788910816853726e+01
7.1800000000043651e-01 4.4334837067933755e+01 1.4744364520344035e+01
7.2000000000043851e-01 4.4789129046757360e+01 1.4723728623417571e+01
7.2200000000044051e-01 4.9365845693226426e+01 1.4670447940279725e+01
7.2400000000044251e-01 5.0315073452938783e+01 1.4652538496577275e+01
7.2600000000044451e-01 4.8619393296189628e+01 1.4631778147212572e+01
7.2800000000044651e-01 4.9141567735267031e+01 1.4575948843945977e+01
7.3000000000044851e-01 4.8372578035129450e+01 1.4499364022660902e+01
7.3200000000045051e-01 4.7432460984891804e+01 1.4532400916760629e+01
7.3400000000045251e-01 4.6344802686101218e+01 1.4451081596855108e+01
7.3600000000045451e-01 4.5576604923343091e+01 1.4459025862611306e+01
7.3800000000045651e-01 4.5407981317698088e+01 1.4403892671978664e+01
7.4000000000045851e-01 4.4994428951987821e+01 1.4367453888414747e+01
7.4200000000046051e-01 4.4472172746886258e+01 1.4341019796735978e+01
7.4400000000046251e-01 4.3937843664933787e+01 1.4293205816992259e+01
7.4600000000046451e-01 4.3281294309367972e+01 1.4252695858487570e+01
7.4800000000046651e-01 4.2351905604878567e+01 1.4211319479373927e+01
7.5000000000046851e-01 4.1498289442706238e+01 1.4185194498804375e+01
7.5200000000047051e-01 4.2641823360810577e+01 1.4127768330688763e+01
7.5400000000047251e-01 4.1297455241431258e+01 1.4105555625944419e+01
7.5600000000047451e-01 4.0067173600072138e+01 1.4067522311648503e+01
7.5800000000047651e-01 3.6863527621936257e+01 1.4030504915983350e+01
7.6000000000047852e-01 3.4984608028438792e+01 1.3978624765293237e+01
7.6200000000048052e-01 3.4723410725440381e+01 1.3945903939084520e+01
7.6400000000048252e-01 3.3039438057327935e+01 1.3934345053090823e+01
7.6600000000048452e-01 3.2969750457593904e+01 1.3946031328384883e+01
7.6800000000048652e-01 3.0453499023689627e+01 1.3822685123648839e+01
7.7000000000048852e-01 2.6446749666000581e+01 1.3859511449533002e+01
7.7200000000049052e-01 2.4853632179878595e+01 1.3799436063566414e+01
7.7400000000049252e-01 2.3697849966769805e+01 1.3818589774338754e+01
7.7600000000049452e-01 2.2282419051033770e+01 1.3791869446732086e+01
7.7800000000049652e-01 2.2443106915748285e+01 1.3790590633930833e+01
7.8000000000049852e-01 2.7293102245228972e+01 1.3803282608060954e+01
7.8200000000050052e-01 2.8422840122708557e+01 1.3741611853109816e+01
7.8400000000050252e-01 2.8218009308726018e+01 1.3759283134788191e+01
7.8600000000050452e-01 2.8720224261610959e+01 1.3758915141655507e+01
7.8800000000050652e-01 2.8598743551755046e+01 1.3775188478524132e+01
7.9000000000050852e-01 2.7070850873150448e+01 1.3773359579038175e+01
7.9200000000051052e-01 2.6884591134171679e+01 1.3802089196873187e+01
7.9400000000051252e-01 2.6810161752650401e+01 1.3824302487198796e+01
7.9600000000051452e-01 2.6916731765535815e+01 1.3834359311304496e+01
7.9800000000051652e-01 2.7018295781655087e+01 1.3872818509826356e+01
8.0000000000051852e-01 2.7910118617746051e+01 1.3890318935513877e+01
8.0200000000052052e-01 2.7327180310344175e+01 1.3929327161994628e+01
8.0400000000052252e-01 2.7078383984384168e+01 1.3971517493977943e+01
8.0600000000052452e-01 2.7733568576129414e+01 1.4079696458433466e+01
8.0800000000052652e-01 2.9280365743375349e+01 1.3991571432832680e+01
8.1000000000052852e-01 2.3587760914177778e+01 1.3993883215819372e+01
8.1200000000053052e-01 1.9795465187673791e+01 1.4013979654620936e+01
8.1400000000053252e-01 -1.7802009007612170e+02 1.4055590313659508e+01
8.1600000000053452e-01 -8.0560504692989105e+02 1.4132876475413788e+01
8.1800000000053652e-01 -1.4877719135950711e+03 1.4143609329520046e+01
8.2000000000053852e-01 -2.2538374563918919e+03 1.4178857848224446e+01
8.2200000000054052e-01 -3.0093388767366419e+03 1.4225012567771214e+01
8.2400000000054252e-01 -3.7502975375363794e+03 1.4234003630943816e+01
8.2600000000054452e-01 -4.5678976325714848e+03 1.4302102666442179e+01
8.2800000000054652e-01 -5.3948257369644698e+03 1.4324310679951310e+01
8.3000000000054852e-01 -6.2911932988067665e+03 1.4359706290010667e+01
8.3200000000055052e-01 -7.2726061161983789e+03 1.4390622574143920e+01
8.3400000000055252e-01 -8.3822178526168682e+03 1.4442144291567661e+01
8.3600000000055452e-01 -9.5506533883066422e+03 1.4473282884343881e+01
8.3800000000055652e-01 -1.0847514079255265e+04 1.4544504622120442e+01
8.4000000000055852e-01 -1.2296551427763430e+04 1.4586027563226079e+01
8.4200000000056052e-01 -1.3790826733024218e+04 1.4648873352276983e+01
8.4400000000056252e-01 -1.5002512936318928e+04 1.4889802423369222e+01
8.4600000000056452e-01 -1.4340919304989990e+04 1.4570912637593622e+01
8.4800000000056652e-01 -1.4570680892192828e+04 1.4858716501699673e+01
8.5000000000056852e-01 -1.4145680861319641e+04 1.4685058232472366e+01
8.5200000000057052e-01 -1.4097700027719697e+04 1.4825452429183038e+01
8.5400000000057252e-01 -1.4038486765264803e+04 1.4795266074536183e+01
8.5600000000057452e-01 -1.3740746837657203e+04 1.4732323912071049e+01
8.5800000000057652e-01 -1.3875099260385814e+04 1.4859311586851131e+01
8.6000000000057852e-01 -1.3407997594560848e+04 1.4721062174859352e+01
8.6200000000058052e-01 -1.3572296706902218e+04 1.4902667446254625e+01
8.6400000000058252e-01 -1.2991376858404523e+04 1.4716821572860786e+01
8.6600000000058452e-01 -1.3112064188710709e+04 1.4907848363678182e+01
8.6800000000058652e-01 -1.2505997950104071e+04 1.4703545956516548e+01
8.7000000000058852e-01 -1.2512895910763795e+04 1.4885008080755096e+01
8.7200000000059052e-01 -1.1933669229984374e+04 1.4708873342446758e+01
8.7400000000059253e-01 -1.1775014567394366e+04 1.4835430147378107e+01
8.7600000000059453e-01 -1.1283708975770400e+04 1.4724381311803054e+01
8.7800000000059653e-01 -1.1142524242087631e+04 1.4832838755011803e+01
8.8000000000059853e-01 -1.0811060748298938e+04 1.4775775238867645e+01
8.8200000000060053e-01 -1.0631572647124734e+04 1.4803045189594769e+01
8.8400000000060253e-01 -1.0301404663532623e+04 1.4754713948766906e+01
8.8600000000060453e-01 -1.0028398007700946e+04 1.4755113955145301e+01
8.8800000000060653e-01 -9.7146717150909244e+03 1.4692237731999150e+01
8.9000000000060853e-01 -9.3925183524518907e+03 1.4681430312491273e+01
8.9200000000061053e-01 -9.0721766525547391e+03 1.4657976155476685e+01
8.9400000000061253e-01 -8.6646370693131084e+03 1.4612137002574588e+01
8.9600000000061453e-01 -8.3942992593920972e+03 1.4624396672483098e+01
8.9800000000061653e-01 -7.9698914379217285e+03 1.4561839224082888e+01
9.0000000000061853e-01 -7.6711254082557598e+03 1.4581600358645403e+01
9.0200000000062053e-01 -7.2410106262878608e+03 1.4504214467534371e+01
9.0400000000062253e-01 -6.9455040572069292e+03 1.4534691713298606e+01
9.0600000000062453e-01 -6.9462904050637317e+03 1.4562229007780353e+01
9.0800000000062653e-01 -6.8373279695397168e+03 1.4485973557847174e+01
9.1000000000062853e-01 -6.8615574008201684e+03 1.4501239822984967e+01
9.1200000000063053e-01 -6.7396705046324751e+03 1.4421353491257232e+01
9.1400000000063253e-01 -6.6632401766884932e+03 1.4426051047968386e+01
9.1600000000063453e-01 -6.5127568718795328e+03 1.4368941299565709e+01
9.1800000000063653e-01 -6.3428393651828919e+03 1.4339527685190610e+01
9.2000000000063853e-01 -6.1900368359129288e+03 1.4286103479189471e+01
9.2200000000064053e-01 -6.0302958671547540e+03 1.4251025233972342e+01
9.2400000000064253e-01 -5.8882556382379826e+03 1.4209317525018985e+01
9.2600000000064453e-01 -5.7361319377848067e+03 1.4166422489067152e+01
9.2800000000064653e-01 -5.6213508402388452e+03 1.4131850048891518e+01
9.3000000000064853e-01 -5.4986814823302921e+03 1.4091658558400752e+01
9.3200000000065053e-01 -5.4115915089473674e+03 1.4056102930816301e+01
9.3400000000065253e-01 -5.3948380142848546e+03 1.4033196395660166e+01
9.3600000000065453e-01 -5.2966599834141261e+03 1.3958300162916871e+01
9.3800000000065653e-01 -5.3344559462307807e+03 1.3956152916559159e+01
9.4000000000065853e-01 -5.2649429781498502e+03 1.3888147120454434e+01
9.4200000000066053e-01 -5.2994451833763060e+03 1.3867938869703476e+01
9.4400000000066253e-01 -5.2975255145963529e+03 1.3809052629224286e+01
9.4600000000066453e-01 -5.5076287783935959e+03 1.3816016380761202e+01
9.4800000000066653e-01 -5.7092118089946734e+03 1.3786099329251922e+01
9.5000000000066853e-01 -5.7286833275390554e+03 1.3719547275530530e+01
9.5200000000067053e-01 -5.9041354137170792e+03 1.3729932629232970e+01
9.5400000000067253e-01 -6.1027229876268302e+03 1.3679211104636369e+01
9.5600000000067453e-01 -6.5961524030989376e+03 1.3721599799079748e+01
9.5800000000067653e-01 -6.8435322970956922e+03 1.3628262308252346e+01
9.6000000000067853e-01 -7.3568402046403799e+03 1.3686454908222565e+01
9.6200000000068053e-01 -7.6661506820394288e+03 1.3600564976098095e+01
9.6400000000068253e-01 -8.1700805191083527e+03 1.3650690246577650e+01
9.6600000000068453e-01 -8.5245678509804184e+03 1.3591512015977347e+01
9.6800000000068653e-01 -9.1882162774422650e+03 1.3653783123091586e+01
9.7000000000068853e-01 -9.6402685960339113e+03 1.3659204654977120e+01
9.7200000000069053e-01 -9.7590361502674987e+03 1.3555380157818600e+01
9.7400000000069253e-01 -1.0249478311779578e+04 1.3667766875716374e+01
9.7600000000069453e-01 -1.0377289665784148e+04 1.3610209834512087e+01
9.7800000000069653e-01 -1.0571396619573914e+04 1.3642872929930583e+01
9.8000000000069853e-01 -1.0792559314126078e+04 1.3702831912805078e+01
9.8200000000070053e-01 -1.0919068921868266e+04 1.3695951280574562e+01
9.8400000000070253e-01 -1.1067418145632046e+04 1.3765749868957233e+01
9.8600000000070454e-01 -1.1162002365619888e+04 1.3755706564691188e+01
9.8800000000070654e-01 -1.1295122750659844e+04 1.3822739700637900e+01
9.9000000000070854e-01 -1.1327769111434667e+04 1.3821274147137810e+01
9.9200000000071054e-01 -1.1497929700628585e+04 1.3883717402757011e+01
9.9400000000071254e-01 -1.1730456813725794e+04 1.3912968730555786e+01
9.9600000000071454e-01 -1.2139536480553565e+04 1.3990992446162966e+01
9.9800000000071654e-01 -1.2743135466469506e+04 1.4125943369108871e+01
1.0000000000007185e+00 -1.2866935864132018e+04 1.4006874924774056e+01
1.0020000000007094e+00 -1.3782536038192586e+04 1.4221660786511794e+01
1.0040000000007003e+00 -1.4832595969607737e+04 1.4192766804628064e+01
1.0060000000006912e+00 -1.6238618127447482e+04 1.4414500436184067e+01
1.0080000000006821e+00 -1.7406059425914682e+04 1.4369305053753862e+01
1.0100000000006730e+00 -1.8740190647600728e+04 1.4554740119160673e+01
1.0120000000006639e+00 -1.9869136517271738e+04 1.4509896430010915e+01
1.0140000000006548e+00 -2.1335187499325973e+04 1.4680325458266648e+01
1.0160000000006457e+00 -2.1696198459298921e+04 1.4780839566742831e+01
1.0180000000006366e+00 -2.0925798500984456e+04 1.4544958548441667e+01
1.0200000000006275e+00 -2.1697641054494572e+04 1.4942526205462688e+01
1.0220000000006184e+00 -2.0704972223033725e+04 1.4555098916252259e+01
1.0240000000006093e+00 -2.1400809637234728e+04 1.4965463472950628e+01
1.0260000000006002e+00 -2.0859308844018142e+04 1.4745610994760803e+01
1.0280000000005911e+00 -2.0885807302134755e+04 1.4900549889939782e+01
1.0300000000005820e+00 -2.0978636054135222e+04 1.4989040998545441e+01
1.0320000000005729e+00 -2.0301741064320042e+04 1.4822757215573802e+01
1.0340000000005638e+00 -2.0776742707319252e+04 1.5142103881229286e+01
1.0360000000005547e+00 -1.9809486508856804e+04 1.4807767447621433e+01
1.0380000000005456e+00 -2.0255025636990114e+04 1.5167963648729998e+01
1.0400000000005365e+00 -1.9438094821289600e+04 1.4882119966016742e+01
1.0420000000005274e+00 -1.9479863835543001e+04 1.5078052364422842e+01
1.0440000000005183e+00 -1.9089583097593557e+04 1.4987090228502758e+01
1.0460000000005092e+00 -1.8725671702776519e+04 1.4976735140475430e+01
1.0480000000005001e+00 -1.8750558426463336e+04 1.5083235533431719e+01
1.0500000000004910e+00 -1.8037162860243214e+04 1.4874100963090552e+01
1.0520000000004819e+00 -1.8269867594360225e+04 1.5120021666223554e+01
1.0540000000004728e+00 -1.7405231457853293e+04 1.4828870794114618e+01
1.0560000000004637e+00 -1.7499929431548888e+04 1.5069710048577516e+01
1.0580000000004546e+00 -1.6529838814120718e+04 1.4761151915656072e+01
1.0600000000004455e+00 -1.6400238363811568e+04 1.4956243295028496e+01
1.0620000000004364e+00 -1.5509398189155088e+04 1.4706159016559919e+01
1.0640000000004273e+00 -1.5166128597782423e+04 1.4802892856347743e+01
1.0660000000004182e+00 -1.4395376593880388e+04 1.4687663522788117e+01
1.0680000000004091e+00 -1.4441544877709643e+04 1.4739770731466127e+01
1.0700000000004000e+00 -1.3831744620223944e+04 1.4516139672603590e+01
1.0720000000003909e+00 -1.3795342011319726e+04 1.4648059347708962e+01
1.0740000000003818e+00 -1.3296289082230169e+04 1.4496053818492975e+01
1.0760000000003727e+00 -1.2845655103949934e+04 1.4525016487540690e+01
1.0780000000003636e+00 -1.2085544535097310e+04 1.4387354248586597e+01
1.0800000000003545e+00 -1.1493080157792305e+04 1.4384963638646902e+01
1.0820000000003454e+00 -1.0643619332963975e+04 1.4248341699484953e+01
1.0840000000003363e+00 -1.0100134799916479e+04 1.4264817363041622e+01
1.0860000000003271e+00 -9.3977464294021502e+03 1.4165067487795618e+01
1.0880000000003180e+00 -9.3501005701928498e+03 1.4097401256902216e+01
1.0900000000003089e+00 -9.2779965864023179e+03 1.3998741041195274e+01
1.0920000000002998e+00 -9.4983099469669287e+03 1.4101393994531797e+01
1.0940000000002907e+00 -9.3925027041342910e+03 1.3877902353438003e+01
1.0960000000002816e+00 -9.4404054677598888e+03 1.3788656215971159e+01
1.0980000000002725e+00 7.8171607003875252e+01 5.8204129976055761e+00
1.1000000000002634e+00 -2.5533766663870970e+03 1.3214297150253547e+01
1.1020000000002543e+00 -2.2843232129673324e+03 1.1378963672226270e+01
1.1040000000002452e+00 -1.5706815471354589e+03 1.0607725098147636e+01
1.1060000000002361e+00 -2.0352841585013639e+03 1.0462065029501741e+01
1.1080000000002270e+00 2.6939489289873993e+01 1.0224888173967869e+01
1.1100000000002179e+00 -2.1454983127385890e+03 1.0949511625935038e+01
1.1120000000002088e+00 -1.6429007184249394e+03 1.0082197177354544e+01
1.1140000000001997e+00 -3.8496156043633582e+03 1.1059069020473800e+01
1.1160000000001906e+00 -3.3772393525553375e+03 1.0155275441983179e+01
1.1180000000001815e+00 -5.9955372853317676e+03 1.1072455286759730e+01
1.1200000000001724e+00 -5.2523765894954804e+03 1.0245089381876877e+01
1.1220000000001633e+00 -7.5561187066305711e+03 1.0944053066174387e+01
1.1240000000001542e+00 -6.9779754604961317e+03 1.0382738526288932e+01
1.1260000000001451e+00 -8.9123270921242583e+03 1.0650442151947274e+01
1.1280000000001360e+00 -8.8076367981931708e+03 1.0492748117772280e+01
1.1300000000001269e+00 -9.9422782560538981e+03 1.0692609760082615e+01
1.1320000000001178e+00 -9.3807028901334197e+03 1.0447019668470716e+01
1.1340000000001087e+00 -1.0079331245240883e+04 1.0585890105695309e+01
1.1360000000000996e+00 -9.7883686195126447e+03 1.0423265640514931e+01
1.1380000000000905e+00 -1.0238665374647338e+04 1.0545699319932901e+01
1.1400000000000814e+00 -1.0145405214986278e+04 1.0427475981970943e+01
1.1420000000000723e+00 -1.0379758818089575e+04 1.0498285936327576e+01
1.1440000000000632e+00 -1.0424775325068467e+04 1.0449174968080040e+01
1.1460000000000541e+00 -1.0536442170614569e+04 1.0469237265101370e+01
1.1480000000000450e+00 -1.0637998123878471e+04 1.0456505237148747e+01
1.1500000000000359e+00 -1.0780434736436970e+04 1.0460013940527041e+01
1.1520000000000268e+00 -1.0923707184305562e+04 1.0455565373148517e+01
1.1540000000000177e+00 -1.1082162389915535e+04 1.0471199855218636e+01
1.1560000000000086e+00 -1.1217068802706637e+04 1.0464259717722960e+01
1.1579999999999995e+00 -1.1396884881641428e+04 1.0509937398963746e+01
1.1599999999999904e+00 -1.1361940920448462e+04 1.0461033247081438e+01
1.1619999999999813e+00 -1.1546126086488150e+04 1.0498704689231523e+01
1.1639999999999722e+00 -3.4867567787282976e+04 2.3224302913492505e+01
1.1659999999999631e+00 3.4348168635911783e+01 4.8677345657499238e+00
1.1679999999999540e+00 -2.9652172598706082e+04 1.7511709836680737e+01
1.1699999999999449e+00 -1.8209430272969180e+03 5.6895118785467425e+00
1.1719999999999358e+00 -2.2611137305448890e+04 1.5256403767495049e+01
1.1739999999999267e+00 -1.0155242529259020e+04 9.0349936102888897e+00
1.1759999999999176e+00 -1.4777744014502414e+04 1.1977084312258180e+01
1.1779999999999085e+00 -1.5259954686276871e+04 1.1561913414378601e+01
1.1799999999998994e+00 -1.1576283822708134e+04 1.0107247625106112e+01
1.1819999999998902e+00 -1.6075968647916356e+04 1.2095998510973338e+01
1.1839999999998811e+00 -1.2062897191728240e+04 1.0218772315926564e+01
1.1859999999998720e+00 -1.5060404639571983e+04 1.1638163570998032e+01
1.1879999999998629e+00 -1.3187498445929647e+04 1.0700765141687050e+01
1.1899999999998538e+00 -1.4011318611454670e+04 1.1129474443392343e+01
1.1919999999998447e+00 -1.3919163882750123e+04 1.1072962590934935e+01
1.1939999999998356e+00 -1.3663583738855083e+04 1.0942230232825096e+01
1.1959999999998265e+00 -1.4032391523917580e+04 1.1118754928822160e+01
1.1979999999998174e+00 -1.3751103021185805e+04 1.0967227640994331e+01
1.1999999999998083e+00 -1.3889284576567485e+04 1.1042692075365093e+01
1.2019999999997992e+00 -1.3889669323004870e+04 1.1034810659051942e+01
1.2039999999997901e+00 -1.3824719359018924e+04 1.0995089851237198e+01
1.2059999999997810e+00 -1.3939444900919218e+04 1.1054651537687530e+01
1.2079999999997719e+00 -1.3829662260021725e+04 1.0993480777158403e+01
1.2099999999997628e+00 -1.3936769439176189e+04 1.1047816434936353e+01
1.2119999999997537e+00 -1.3874663673536672e+04 1.1009361429289232e+01
1.2139999999997446e+00 -1.3913146606289170e+04 1.1026334379219385e+01
1.2159999999997355e+00 -1.3915872735906401e+04 1.1024709276235185e+01
1.2179999999997264e+00 -1.3915170567753979e+04 1.1016728038866873e+01
1.2199999999997173e+00 -1.3922253760990139e+04 1.1020809655286209e+01
1.2219999999997082e+00 -1.3941344603780597e+04 1.1022437590313892e+01
1.2239999999996991e+00 -1.3931666161693323e+04 1.1015989471369881e+01
1.2259999999996900e+00 -1.3949037141043864e+04 1.1019503940483865e+01
1.2279999999996809e+00 -1.3951661194473250e+04 1.1018655551108491e+01
1.2299999999996718e+00 -1.3971378039717667e+04 1.1022120682823953e+01
1.2319999999996627e+00 -1.3971244676282115e+04 1.1018732136769010e+01
1.2339999999996536e+00 -1.3980059264790081e+04 1.1020683427141524e+01
1.2359999999996445e+00 -1.4002307086211222e+04 1.1025242730521079e+01
1.2379999999996354e+00 -1.3998818917828770e+04 1.1022345157580652e+01
1.2399999999996263e+00 -1.4002671937691290e+04 1.1020720156142637e+01
1.2419999999996172e+00 -1.4023193102518158e+04 1.1026116493336286e+01
1.2439999999996081e+00 -1.4028851556808297e+04 1.1023088829004671e+01
1.2459999999995990e+00 -1.4032824473788311e+04 1.1022805326819947e+01
1.2479999999995899e+00 -1.4044178713790488e+04 1.1025423585488156e+01
1.2499999999995808e+00 -1.4056252663107860e+04 1.1027314150984017e+01
1.2519999999995717e+00 -1.4066292268760315e+04 1.1027293618356774e+01
1.2539999999995626e+00 -1.4068381788504004e+04 1.1025398732162190e+01
1.2559999999995535e+00 -1.4080529726407638e+04 1.1028514539843407e+01
1.2579999999995444e+00 -1.4099732834146076e+04 1.1032427857284526e+01
1.2599999999995353e+00 -1.4105690397822582e+04 1.1030186268479323e+01
1.2619999999995262e+00 -1.4109901601500171e+04 1.1030283065708460e+01
1.2639999999995171e+00 -1.4129887710575991e+04 1.1036535298815892e+01
1.2659999999995080e+00 -1.4146403715088874e+04 1.1039432625900940e+01
1.2679999999994989e+00 -1.4153104945279121e+04 1.1038629163691148e+01
1.2699999999994898e+00 -1.4164685334467575e+04 1.1042356158371447e+01
1.2719999999994807e+00 -1.4184197012981023e+04 1.1047116272723430e+01
1.2739999999994716e+00 -1.4198777157317221e+04 1.1049244543711286e+01
1.2759999999994625e+00 -1.4200858775486287e+04 1.1047307040758019e+01
1.2779999999994534e+00 -1.4221789766978151e+04 1.1054506496564738e+01
1.2799999999994442e+00 -1.4235137167276824e+04 1.1056168348125908e+01
1.2819999999994351e+00 -1.4247307427261059e+04 1.1057492322025784e+01
1.2839999999994260e+00 -1.4254369667585148e+04 1.1058461887878728e+01
1.2859999999994169e+00 -1.4272517837743248e+04 1.1063529107769213e+01
1.2879999999994078e+00 -1.4288186667058340e+04 1.1066336197109550e+01
1.2899999999993987e+00 -1.4296150428001021e+04 1.1065992010449069e+01
1.2919999999993896e+00 -1.4308906255590318e+04 1.1069826978453765e+01
1.2939999999993805e+00 -1.4325994495270024e+04 1.1073486697660538e+01
1.2959999999993714e+00 -1.4341100717892170e+04 1.1076045580569357e+01
1.2979999999993623e+00 -1.4346498670037679e+04 1.1075111478602837e+01
1.2999999999993532e+00 -1.4362425060303005e+04 1.1080073237263740e+01
1.3019999999993441e+00 -1.4379799056582739e+04 1.1083653460396732e+01
1.3039999999993350e+00 -1.4391575876583824e+04 1.1084665339605973e+01
1.3059999999993259e+00 -1.4397890857183816e+04 1.1085142476483847e+01
1.3079999999993168e+00 -1.4417404243301273e+04 1.1091034488308576e+01
1.3099999999993077e+00 -1.4432520502488662e+04 1.1093430042415811e+01
1.3119999999992986e+00 -1.4442188062472591e+04 1.1093827289444269e+01
1.3139999999992895e+00 -1.4450526263823005e+04 1.1095688663307765e+01
1.3159999999992804e+00 -1.4471080672761333e+04 1.1101046105478300e+01
1.3179999999992713e+00 -1.4485878933863078e+04 1.1103407188878059e+01
1.3199999999992622e+00 -1.4490076801501304e+04 1.1102100552304494e+01
1.3219999999992531e+00 -1.4505999143151490e+04 1.1106907583408724e+01
1.3239999999992440e+00 -1.4524704531558169e+04 1.1111101509102195e+01
1.3259999999992349e+00 -1.4537294824547598e+04 1.1113134883710504e+01
1.3279999999992258e+00 -1.4542720038059031e+04 1.1112903289789415e+01
1.3299999999992167e+00 -1.4562759994266082e+04 1.1118508524307719e+01
1.3319999999992076e+00 -1.4579796515027327e+04 1.1122074424966765e+01
1.3339999999991985e+00 -1.4590311396311174e+04 1.1122840849785653e+01
1.3359999999991894e+00 -1.4597759341057235e+04 1.1123887785629609e+01
1.3379999999991803e+00 -1.4618877718359226e+04 1.1129635525431567e+01
1.3399999999991712e+00 -1.4635158507356324e+04 1.1132791902165916e+01
1.3419999999991621e+00 -1.4640989484963196e+04 1.1131855730878577e+01
1.3439999999991530e+00 -1.4655461954071323e+04 1.1135896938873262e+01
1.3459999999991439e+00 -1.4674207985685407e+04 1.1140483621237113e+01
1.3479999999991348e+00 -1.4688612029389002e+04 1.1142643801090305e+01
1.3499999999991257e+00 -1.4694247315614792e+04 1.1142240023792858e+01
1.3519999999991166e+00 -1.4711677100003049e+04 1.1146989771012333e+01
1.3539999999991075e+00 -1.4730316933541164e+04 1.1151449472014395e+01
1.3559999999990984e+00 -1.4741065483087823e+04 1.1152151825904012e+01
1.3579999999990893e+00 -1.4749012410192521e+04 1.1152996519188468e+01
1.3599999999990802e+00 -1.4766185206436869e+04 1.1156795521410414e+01
1.3619999999990711e+00 -1.4782217354260740e+04 1.1159513436708373e+01
1.3639999999990620e+00 -1.4786678735057460e+04 1.1157993679174307e+01
1.3659999999990529e+00 -1.4798645728816364e+04 1.1160817301546594e+01
1.3679999999990438e+00 -1.4819872409224667e+04 1.1166343615036940e+01
1.3699999999990347e+00 -1.4818390421758939e+04 1.1146591092701952e+01
1.3719999999990256e+00 -1.4858945014438423e+04 1.1171193648553096e+01
1.3739999999990165e+00 -1.4885931229779973e+04 1.1184350971117833e+01
1.3759999999990074e+00 -1.4832646943156538e+04 1.1165262625151914e+01
1.3779999999989982e+00 -1.4924200623418688e+04 1.1196206189512431e+01
1.3799999999989891e+00 -1.4896647481263886e+04 1.1176183176818185e+01
1.3819999999989800e+00 -1.4902859933864809e+04 1.1178180229805015e+01
1.3839999999989709e+00 -1.4947671254450004e+04 1.1194495736596775e+01
1.3859999999989618e+00 -1.4937308791949275e+04 1.1184189013801076e+01
1.3879999999989527e+00 -1.4955041683668265e+04 1.1190116195977849e+01
1.3899999999989436e+00 -1.4973773245396642e+04 1.1193015557114620e+01
1.3919999999989345e+00 -1.4987932769366476e+04 1.1195138022602508e+01
1.3939999999989254e+00 -1.4996875524926634e+04 1.1196227035052713e+01
1.3959999999989163e+00 -1.5013386497091724e+04 1.1199805645446030e+01
1.3979999999989072e+00 -1.5027341483127193e+04 1.1201935243559138e+01
1.3999999999988981e+00 -1.5045619473297969e+04 1.1205782235166385e+01
1.4019999999988890e+00 -1.5052877248885523e+04 1.1205813477898069e+01
1.4039999999988799e+00 -1.5068675695072538e+04 1.1209298333447403e+01
1.4059999999988708e+00 -1.5084868015777183e+04 1.1212539292899272e+01
1.4079999999988617e+00 -1.5098803164147021e+04 1.1214295507691883e+01
1.4099999999988526e+00 -1.5109391822159099e+04 1.1215645225831587e+01
1.4119999999988435e+00 -1.5123913730677921e+04 1.1218354068756495e+01
1.4139999999988344e+00 -1.5140885713166475e+04 1.1221801986004479e+01
1.4159999999988253e+00 -1.5154431346176683e+04 1.1223507237188906e+01
1.4179999999988162e+00 -1.5164745441065963e+04 1.1224935531340218e+01
1.4199999999988071e+00 -1.5177962358909577e+04 1.1227062063954811e+01
1.4219999999987980e+00 -1.5197113874405242e+04 1.1231209612898654e+01
1.4239999999987889e+00 -1.5206652438109941e+04 1.1231448195331609e+01
1.4259999999987798e+00 -1.5217807310309832e+04 1.1232649536835236e+01
1.4279999999987707e+00 -1.5234123873655963e+04 1.1235749814286221e+01
1.4299999999987616e+00 -1.5250322451837288e+04 1.1238597762781900e+01
1.4319999999987525e+00 -1.5260354335013082e+04 1.1239352559463040e+01
1.4339999999987434e+00 -1.5272189211839504e+04 1.1241096442763524e+01
1.4359999999987343e+00 -1.5286985898581241e+04 1.1243871672315709e+01
1.4379999999987252e+00 -1.5303033799992736e+04 1.1246542499976108e+01
1.4399999999987161e+00 -1.5314191473282868e+04 1.1247585349759335e+01
1.4419999999987070e+00 -1.5325131522507063e+04 1.1248313647582636e+01
1.4439999999986979e+00 -1.5332631013638054e+04 1.1245858974454244e+01
1.4459999999986888e+00 -1.5348940167171007e+04 1.1246809749025045e+01
1.4479999999986797e+00 -1.5359547915429997e+04 1.1246243184402367e+01
1.4499999999986706e+00 -1.5366835588962058e+04 1.1245290365800761e+01
1.4519999999986615e+00 -1.5381659957222169e+04 1.1246914038402807e+01
1.4539999999986524e+00 -1.5396183453998518e+04 1.1247861152152794e+01
1.4559999999986433e+00 -1.5404996866710340e+04 1.1248115562733563e+01
1.4579999999986342e+00 -1.5413114061713824e+04 1.1246993736264578e+01
1.4599999999986251e+00 -1.5429171802701510e+04 1.1248633992593888e+01
1.4619999999986160e+00 -1.5442464914400491e+04 1.1249057288003399e+01
1.4639999999986069e+00 -1.5449664406688575e+04 1.1248018404023769e+01
1.4659999999985978e+00 -1.5459583908993876e+04 1.1248355879790632e+01
1.4679999999985887e+00 -1.5472761687973793e+04 1.1249008041594395e+01
1.4699999999985796e+00 -1.5486952608749301e+04 1.1249895406916579e+01
1.4719999999985705e+00 -1.5494406904232279e+04 1.1248891046140992e+01
1.4739999999985613e+00 -1.5504496354466821e+04 1.1248974315717099e+01
1.4759999999985522e+00 -1.5518555782384266e+04 1.1249953263499570e+01
1.4779999999985431e+00 -1.5532223994137605e+04 1.1250547365606396e+01
1.4799999999985340e+00 -1.5539827265952965e+04 1.1249713933850169e+01
1.4819999999985249e+00 -1.5549821109834895e+04 1.1249823252163479e+01
1.4839999999985158e+00 -1.5564165211465011e+04 1.1250938296880932e+01
1.4859999999985067e+00 -1.5577315318105851e+04 1.1251210978591597e+01
1.4879999999984976e+00 -1.5585093489749413e+04 1.1250574406252790e+01
1.4899999999984885e+00 -1.5595005890567048e+04 1.1250518337759821e+01
1.4919999999984794e+00 -1.5609500127006382e+04 1.1251648064661577e+01
1.4939999999984703e+00 -1.5622457338796838e+04 1.1251775589705586e+01
1.4959999999984612e+00 -1.5630201314151411e+04 1.1251203019936401e+01
1.4979999999984521e+00 -1.5635801939152574e+04 1.1254165574095651e+01
1.4999999999984430e+00 -1.5629811360222036e+04 1.1252202796202329e+01
1.5019999999984339e+00 -1.5672987205572004e+04 1.1261053672352485e+01
1.5039999999984248e+00 -1.5677374363860074e+04 1.1256474416450564e+01
1.5059999999984157e+00 -1.5690724566242414e+04 1.1258941464494059e+01
1.5079999999984066e+00 -1.5712055987611811e+04 1.1262659747794753e+01
1.5099999999983975e+00 -1.5731464999176924e+04 1.1264843542933660e+01
1.5119999999983884e+00 -1.5747121917345450e+04 1.1267629503199149e+01
1.5139999999983793e+00 -1.5762652874543734e+04 1.1270364755411791e+01
1.5159999999983702e+00 -1.5783197604033014e+04 1.1274615468167379e+01
1.5179999999983611e+00 -1.5800910562143872e+04 1.1277076836829833e+01
1.5199999999983520e+00 -1.5815136488812137e+04 1.1279184521047419e+01
1.5219999999983429e+00 -1.5835894444507923e+04 1.1282970035688624e+01
1.5239999999983338e+00 -1.5854547272701620e+04 1.1287568125105862e+01
1.5259999999983247e+00 -1.5866697799352754e+04 1.1288416956297745e+01
1.5279999999983156e+00 -1.5885548328846262e+04 1.1293497280347328e+01
1.5299999999983065e+00 -1.5904257640561367e+04 1.1295950324683217e+01
1.5319999999982974e+00 -1.5921412654290321e+04 1.1299347470286344e+01
1.5339999999982883e+00 -1.5940742558739936e+04 1.1302882082266175e+01
1.5359999999982792e+00 -1.5956561623613163e+04 1.1305116941662833e+01
1.5379999999982701e+00 -1.5971993916730449e+04 1.1307296641932464e+01
1.5399999999982610e+00 -1.5994219393803105e+04 1.1312206973762638e+01
1.5419999999982519e+00 -1.6003388759550533e+04 1.1311913667918278e+01
1.5439999999982428e+00 -1.6022823792514268e+04 1.1316793072377907e+01
1.5459999999982337e+00 -1.6037952887196656e+04 1.1318516236959706e+01
1.5479999999982246e+00 -1.6058981956379654e+04 1.1322542391713418e+01
1.5499999999982155e+00 -1.6069799248947977e+04 1.1323091283201162e+01
1.5519999999982064e+00 -1.6087173382188517e+04 1.1325845317941955e+01
1.5539999999981973e+00 -1.6102553841200672e+04 1.1328532473284993e+01
1.5559999999981882e+00 -1.6119607639119518e+04 1.1330634037125616e+01
1.5579999999981791e+00 -1.6133949059853470e+04 1.1332998246158684e+01
1.5599999999981700e+00 -1.6151136212955616e+04 1.1335488929541427e+01
1.5619999999981609e+00 -1.6169896551126070e+04 1.1339001868889753e+01
1.5639999999981518e+00 -1.6184938042296697e+04 1.1340224253664241e+01
1.5659999999981427e+00 -1.6200615509713747e+04 1.1342568082883171e+01
1.5679999999981336e+00 -1.6218522272437198e+04 1.1344958139569714e+01
1.5699999999981245e+00 -1.6237335271811942e+04 1.1347369025070122e+01
1.5719999999981153e+00 -1.6252430335470859e+04 1.1348226245477386e+01
1.5739999999981062e+00 -1.6265757410030041e+04 1.1349491979511455e+01
1.5759999999980971e+00 -1.6280170757261025e+04 1.1350612534453132e+01
1.5779999999980880e+00 -1.6299249341215675e+04 1.1353138801864374e+01
1.5799999999980789e+00 -1.6312358215554434e+04 1.1353102682978406e+01
1.5819999999980698e+00 -1.6065783547840543e+04 3.1473282533486007e+00
1.5839999999980607e+00 -6.9651201722584019e+03 1.9331330850943611e+00
1.5859999999980516e+00 -8.2751408698496289e+03 1.4396542634637517e+00
1.5879999999980425e+00 -8.6003244508196731e+03 1.9059033542500261e+00
1.5899999999980334e+00 -8.6358180925236138e+03 2.0390307169647737e+00
1.5919999999980243e+00 -8.9536473638603638e+03 2.0722483059856485e+00
1.5939999999980152e+00 -9.0311119105073085e+03 2.1095413620481942e+00
1.5959999999980061e+00 -9.1343181112746188e+03 2.1078621622357905e+00
1.5979999999979970e+00 -9.1178093547008830e+03 2.1276430349700890e+00
1.5999999999979879e+00 -9.1601799280904197e+03 2.1452512834338187e+00
1.6019999999979788e+00 -9.1714606163907902e+03 2.1565949897262309e+00
1.6039999999979697e+00 -9.1906593972087740e+03 2.1544606610460217e+00
1.6059999999979606e+00 -9.2005463268547719e+03 2.1744569360050354e+00
1.6079999999979515e+00 -9.2186508277664470e+03 2.1726905400076966e+00
1.6099999999979424e+00 -9.2394472042504567e+03 2.1791999922737810e+00
1.6119999999979333e+00 -9.2565947689612767e+03 2.1837523211148895e+00
1.6139999999979242e+00 -9.2883312316167903e+03 2.1863450794451698e+00
1.6159999999979151e+00 -9.3202291985105858e+03 2.1968186032350072e+00
1.6179999999979060e+00 -9.3262067777221600e+03 2.1939087879397330e+00
1.6199999999978969e+00 -9.3594754139487104e+03 2.2050485125350812e+00
1.6219999999978878e+00 -9.3302094455988808e+03 2.2046949249829493e+00
1.6239999999978787e+00 -9.3635620450174538e+03 2.2000818801401945e+00
1.6259999999978696e+00 -9.3528197874855032e+03 2.1956986143127843e+00
1.6279999999978605e+00 -9.3867494722062675e+03 2.1846754677882609e+00
1.6299999999978514e+00 -9.4035868879595600e+03 2.1816884627459543e+00
1.6319999999978423e+00 -9.4257374565969512e+03 2.1708746280189399e+00
1.6339999999978332e+00 -9.4611296981073174e+03 2.1639691758426234e+00
1.6359999999978241e+00 -9.4901146119435452e+03 2.1562773106310376e+00
1.6379999999978150e+00 -9.5398469925218960e+03 2.1513449079381912e+00
1.6399999999978059e+00 -9.5539223229577492e+03 2.1518493075139764e+00
1.6419999999977968e+00 -9.5915439190468314e+03 2.1417852143729110e+00
1.6439999999977877e+00 -9.6004570639552276e+03 2.1394675516861454e+00
1.6459999999977786e+00 -9.6186145762929827e+03 2.1454622760037632e+00
1.6479999999977695e+00 -9.6062208345742420e+03 2.1490735405830623e+00
1.6499999999977604e+00 -9.6125087010227398e+03 2.1488001790091884e+00
1.6519999999977513e+00 -9.6180576798146303e+03 2.1517198362908729e+00
1.6539999999977422e+00 -9.6302738486880662e+03 2.1521870806232588e+00
1.6559999999977331e+00 -9.6430038567505071e+03 2.1572780514230816e+00
1.6579999999977240e+00 -9.6435135279866900e+03 2.1645977634130151e+00
1.6599999999977149e+00 -9.6562329783365094e+03 2.1684566471264590e+00
1.6619999999977058e+00 -9.6657711463304786e+03 2.1728151610452193e+00
1.6639999999976967e+00 -9.6755940020954331e+03 2.1786743796617385e+00
1.6659999999976876e+00 -9.6836189425183293e+03 2.1829907384397322e+00
1.6679999999976785e+00 -9.6876055634147851e+03 2.1842636323362128e+00
1.6699999999976693e+00 -9.6945331970244388e+03 2.1881140583357310e+00
1.6719999999976602e+00 -9.6975150453711758e+03 2.1913225426558949e+00
1.6739999999976511e+00 -9.7070952774016041e+03 2.1951434975023036e+00
1.6759999999976420e+00 -9.7140234762914006e+03 2.1984629989828104e+00
1.6779999999976329e+00 -9.7220679017189905e+03 2.2027562530007119e+00
1.6799999999976238e+00 -9.7291286688958298e+03 2.2067822784983258e+00
1.6819999999976147e+00 -9.7372167972969492e+03 2.2106609994349538e+00
1.6839999999976056e+00 -9.7443802863274632e+03 2.2146862100212372e+00
1.6859999999975965e+00 -9.7510333835839101e+03 2.2183392657779826e+00
1.6879999999975874e+00 -9.7574154629555687e+03 2.2220819986089970e+00
1.6899999999975783e+00 -9.7623423539415671e+03 2.2259090978744474e+00
1.6919999999975692e+00 -9.7661349196765277e+03 2.2293783162596803e+00
1.6939999999975601e+00 -9.7707100769794779e+03 2.2325495850301929e+00
1.6959999999975510e+00 -9.7737532704387395e+03 2.2356218525553784e+00
1.6979999999975419e+00 -9.7767396185250163e+03 2.2385451548402133e+00
1.6999999999975328e+00 -9.7800764931700178e+03 2.2413166079099320e+00
1.7019999999975237e+00 -9.7830119692675435e+03 2.2439583914482104e+00
1.7039999999975146e+00 -9.7862589111931593e+03 2.2466486113829647e+00
1.7059999999975055e+00 -9.7879865502278117e+03 2.2483181678679021e+00
1.7079999999974964e+00 -9.7937210229623161e+03 2.2509990502918349e+00
1.7099999999974873e+00 -9.7968049181899678e+03 2.2535867881469955e+00
1.7119999999974782e+00 -9.8013111020051347e+03 2.2565492143023729e+00
1.7139999999974691e+00 -9.8043467375278815e+03 2.2592629193621701e+00
1.7159999999974600e+00 -9.8082364146592699e+03 2.2618445332037158e+00
1.7179999999974509e+00 -9.8115075560451805e+03 2.2644746611247686e+00
1.7199999999974418e+00 -9.8149882820323382e+03 2.2670739671445919e+00
1.7219999999974327e+00 -9.8184430873885594e+03 2.2697457515716364e+00
1.7239999999974236e+00 -9.8209178660638227e+03 2.2724327780390490e+00
1.7259999999974145e+00 -9.8235908096392759e+03 2.2750982682763023e+00
1.7279999999974054e+00 -9.8258800881673833e+03 2.2775579511175525e+00
1.7299999999973963e+00 -9.8281116545788846e+03 2.2800628126191516e+00
1.7319999999973872e+00 -9.8301083003697313e+03 2.2825678696189016e+00
1.7339999999973781e+00 -9.8322357419026648e+03 2.2850263353758340e+00
1.7359999999973690e+00 -9.8350635669725798e+03 2.2873616356666857e+00
1.7379999999973599e+00 -9.8373840285468250e+03 2.2896765843608509e+00
1.7399999999973508e+00 -9.8396485852993264e+03 2.2920929186845589e+00
1.7419999999973417e+00 -9.8419535220898724e+03 2.2943643728991883e+00
1.7439999999973326e+00 -9.8443656303382140e+03 2.2966400776367264e+00
1.7459999999973235e+00 -9.8464274583754068e+03 2.2988700688642423e+00
1.7479999999973144e+00 -9.8485486488640836e+03 2.3010516353464521e+00
1.7499999999973053e+00 -9.8507810229257211e+03 2.3031533572488829e+00
1.7519999999972962e+00 -9.8530172878987596e+03 2.3053157952648280e+00
1.7539999999972871e+00 -9.8548257832387371e+03 2.3074785378012237e+00
1.7559999999972780e+00 -9.8563079826431022e+03 2.3095542642228990e+00
1.7579999999972689e+00 -9.8577848153887517e+03 2.3115386530274251e+00
1.7599999999972598e+00 -9.8589331255393008e+03 2.3134770408889254e+00
1.7619999999972507e+00 -9.8599838523075723e+03 2.3155061016372969e+00
1.7639999999972416e+00 -9.8608069883549833e+03 2.3174052877910221e+00
1.7659999999972325e+00 -9.8616556654276701e+03 2.3193699440803210e+00
1.7679999999972233e+00 -9.8621273927912425e+03 2.3212676368149534e+00
1.7699999999972142e+00 -9.8626385660689448e+03 2.3231812141680503e+00
1.7719999999972051e+00 -9.8629165484916866e+03 2.3250466533015826e+00
1.7739999999971960e+00 -9.8630481052130053e+03 2.3269316881565811e+00
1.7759999999971869e+00 -9.8630777005320015e+03 2.3288044132018242e+00
1.7779999999971778e+00 -9.8629658484476586e+03 2.3306869680352857e+00
1.7799999999971687e+00 -9.8627379217527086e+03 2.3325629867041258e+00
1.7819999999971596e+00 -9.8623865617979209e+03 2.3344660725601338e+00
1.7839999999971505e+00 -9.8612839296427301e+03 2.3358521834552506e+00
1.7859999999971414e+00 -9.8636676508022210e+03 2.3381413956644184e+00
1.7879999999971323e+00 -9.8630119848632639e+03 2.3397410194760528e+00
1.7899999999971232e+00 -9.8633121517228319e+03 2.3413561434601133e+00
1.7919999999971141e+00 -9.8628088490387472e+03 2.3430549209557534e+00
1.7939999999971050e+00 -9.8619862152628630e+03 2.3446908575585992e+00
1.7959999999970959e+00 -9.8610161435458140e+03 2.3464536474144446e+00
1.7979999999970868e+00 -9.8594704823701304e+03 2.3482424229943741e+00
1.7999999999970777e+00 -9.8577443285684039e+03 2.3501654699968819e+00
1.8019999999970686e+00 -9.8556483582735782e+03 2.3522341974030008e+00
1.8039999999970595e+00 -9.8532581477341027e+03 2.3544490916178651e+00
1.8059999999970504e+00 -9.8506255569804489e+03 2.3568626979553038e+00
1.8079999999970413e+00 -9.8475121718132159e+03 2.3594709280978252e+00
1.8099999999970322e+00 -9.8442495478770379e+03 2.3622943417789855e+00
1.8119999999970231e+00 -9.8404843884259426e+03 2.3653563843965708e+00
1.8139999999970140e+00 -9.8363771014941540e+03 2.3686546004824658e+00
1.8159999999970049e+00 -9.8318074555288385e+03 2.3721955660861331e+00
1.8179999999969958e+00 -9.8264349770328881e+03 2.3758815148832682e+00
1.8199999999969867e+00 -9.8203943644791289e+03 2.3798553140073420e+00
1.8219999999969776e+00 -9.8134948327965922e+03 2.3841063073589019e+00
1.8239999999969685e+00 -9.8057717112142254e+03 2.3886591190203212e+00
1.8259999999969594e+00 -9.7971847174468439e+03 2.3935827803921219e+00
1.8279999999969503e+00 -9.7875996434720273e+03 2.3988612753118566e+00
1.8299999999969412e+00 -9.7771151051984289e+03 2.4045691017516022e+00
1.8319999999969321e+00 -9.7654474091594766e+03 2.4107259771493488e+00
1.8339999999969230e+00 -9.7528613048066563e+03 2.4174069331103865e+00
1.8359999999969139e+00 -9.7396313872436967e+03 2.4248108644702029e+00
1.8379999999969048e+00 -9.7243981064795989e+03 2.4328715742613127e+00
1.8399999999968957e+00 -9.7079824750463213e+03 2.4414383142562555e+00
1.8419999999968866e+00 -9.6896773142607326e+03 2.4507050109545294e+00
1.8439999999968775e+00 -9.6699639055692551e+03 2.4606629686711381e+00
1.8459999999968684e+00 -9.6491151292826180e+03 2.4713969031079723e+00
1.8479999999968593e+00 -9.6266463560617522e+03 2.4828614843233758e+00
1.8499999999968502e+00 -9.6012502220408496e+03 2.4948644521348551e+00
1.8519999999968411e+00 -9.5738569889264745e+03 2.5073750814010896e+00
1.8539999999968320e+00 -9.5448377580912766e+03 2.5203315150953429e+00
1.8559999999968229e+00 -9.5139505918993655e+03 2.5290061737754113e+00
1.8579999999968138e+00 -9.4891879923478264e+03 2.5363427473762039e+00
1.8599999999968047e+00 -9.4598472593483730e+03 2.5445917717590203e+00
1.8619999999967956e+00 -9.4280944946968430e+03 2.5534565365942621e+00
1.8639999999967864e+00 -9.3989609960714788e+03 2.5597116433870886e+00
1.8659999999967773e+00 -9.3704815656478531e+03 2.5666885670307011e+00
1.8679999999967682e+00 -9.3425016944710096e+03 2.5742508268111246e+00
1.8699999999967591e+00 -9.3131717011990513e+03 2.5813827421734516e+00
1.8719999999967500e+00 -9.2839237506150203e+03 2.5874695744747500e+00
1.8739999999967409e+00 -9.2543608346985802e+03 2.5937630910535296e+00
1.8759999999967318e+00 -9.2248089227266082e+03 2.5990900495802256e+00
1.8779999999967227e+00 -9.1948367730705650e+03 2.6039921977329477e+00
1.8799999999967136e+00 -9.1659299440368486e+03 2.5960252960048420e+00
1.8819999999967045e+00 -9.1588062856640736e+03 2.5914601356443558e+00
1.8839999999966954e+00 -9.1594085336597363e+03 2.5916279501351380e+00
1.8859999999966863e+00 -9.1494375590892123e+03 2.5915166029347283e+00
1.8879999999966772e+00 -9.1388596934128236e+03 2.5875214332434036e+00
1.8899999999966681e+00 -9.1310901114620865e+03 2.5840415495497369e+00
1.8919999999966590e+00 -9.1235989900719451e+03 2.5817862088298629e+00
1.8939999999966499e+00 -9.1173626807610817e+03 2.5795764286833074e+00
1.8959999999966408e+00 -9.1092821291415221e+03 2.5757088384514453e+00
1.8979999999966317e+00 -9.1000395352447194e+03 2.5717376012175834e+00
1.8999999999966226e+00 -9.0921140946490050e+03 2.5682575845447060e+00
1.9019999999966135e+00 -9.0835616928214240e+03 2.5645590413663233e+00
1.9039999999966044e+00 -9.0749478475967207e+03 2.5604725808010835e+00
1.9059999999965953e+00 -9.0658393966516342e+03 2.5564598020132463e+00
1.9079999999965862e+00 -9.0540449981750116e+03 2.5531360145310593e+00
1.9099999999965771e+00 -9.0453869018515288e+03 2.5473518971621494e+00
1.9119999999965680e+00 -9.0378266154511148e+03 2.5428476257490122e+00
1.9139999999965589e+00 -9.0313468637062324e+03 2.5388861730342973e+00
1.9159999999965498e+00 -9.0248150324820581e+03 2.5347279125095672e+00
1.9179999999965407e+00 -9.0176290552094033e+03 2.5311488736356953e+00
1.9199999999965316e+00 -9.0110765652181144e+03 2.5276694490863059e+00
1.9219999999965225e+00 -9.0052145126671348e+03 2.5240724348401335e+00
1.9239999999965134e+00 -8.9996294427049106e+03 2.5210091717549425e+00
1.9259999999965043e+00 -8.9943205129259986e+03 2.5179162880283315e+00
1.9279999999964952e+00 -8.9889545844959102e+03 2.5150820244231773e+00
1.9299999999964861e+00 -8.9836294291700178e+03 2.5123295670720931e+00
1.9319999999964770e+00 -8.9784206245327896e+03 2.5096497738833365e+00
1.9339999999964679e+00 -8.9734272902759567e+03 2.5071631585122240e+00
1.9359999999964588e+00 -8.9684877084265627e+03 2.5046799324562228e+00
1.9379999999964497e+00 -8.9639317819227563e+03 2.5023945650279784e+00
1.9399999999964406e+00 -8.9593944519520101e+03 2.5001742507750895e+00
1.9419999999964315e+00 -8.9552733139927786e+03 2.4980081000534424e+00
1.9439999999964224e+00 -8.9511122343493844e+03 2.4961450369898954e+00
1.9459999999964133e+00 -8.9469661613110820e+03 2.4942742346051485e+00
1.9479999999964042e+00 -8.9428743046813379e+03 2.4925225720664175e+00
1.9499999999963951e+00 -8.9387481322252024e+03 2.4908349805469836e+00
1.9519999999963860e+00 -8.9347403665771271e+03 2.4892176805819495e+00
1.9539999999963769e+00 -8.9307270985580199e+03 2.4877137905609699e+00
1.9559999999963678e+00 -8.9267679876497405e+03 2.4862188578634079e+00
1.9579999999963587e+00 -8.9229087364336610e+03 2.4848585948013500e+00
1.9599999999963496e+00 -8.9190155443308922e+03 2.4835338613570759e+00
1.9619999999963404e+00 -8.9152597587690452e+03 2.4822812551992275e+00
1.9639999999963313e+00 -8.9114193566854265e+03 2.4810799303424202e+00
1.9659999999963222e+00 -8.9076825898812658e+03 2.4799291621889870e+00
1.9679999999963131e+00 -8.9043153996402762e+03 2.4786801825480396e+00
1.9699999999963040e+00 -8.9014009119759849e+03 2.4774128902694756e+00
1.9719999999962949e+00 -8.8983850723812538e+03 2.4760560646023144e+00
1.9739999999962858e+00 -8.8950224604831510e+03 2.4748505191946548e+00
1.9759999999962767e+00 -8.8915863243681961e+03 2.4735740535420083e+00
1.9779999999962676e+00 -8.8880978604242664e+03 2.4724961366086835e+00
1.9799999999962585e+00 -8.8850585258421761e+03 2.4714662360946487e+00
1.9819999999962494e+00 -8.8818808494525438e+03 2.4705587882584497e+00
1.9839999999962403e+00 -8.8787732996307022e+03 2.4696586919553094e+00
1.9859999999962312e+00 -8.8757265491620819e+03 2.4688397892824745e+00
1.9879999999962221e+00 -8.8727298938558797e+03 2.4680890381276437e+00
1.9899999999962130e+00 -8.8697604886748559e+03 2.4673742360744346e+00
1.9919999999962039e+00 -8.8670446211826747e+03 2.4667163240830763e+00
1.9939999999961948e+00 -8.8643030463054092e+03 2.4661201660251320e+00
1.9959999999961857e+00 -8.8617393971531455e+03 2.4655613384001596e+00
1.9979999999961766e+00 -8.8591321675179806e+03 2.4650799420001999e+00
1.9999999999961675e+00 -8.8565445420400720e+03 2.4646283289223252e+00
2.0019999999961806e+00 -8.8539299053675277e+03 2.4642282240430635e+00
2.0039999999961937e+00 -8.8513527731943977e+03 2.4638532966008557e+00
2.0059999999962068e+00 -8.8488242658934669e+03 2.4635086695754320e+00
2.0079999999962199e+00 -8.8466661484536489e+03 2.4633892872671304e+00
2.0099999999962330e+00 -8.8450060252200401e+03 2.4635346053753646e+00
2.0119999999962461e+00 -8.8435754659015820e+03 2.4636612598724761e+00
2.0139999999962592e+00 -8.8421953955006975e+03 2.4638011184063999e+00
2.0159999999962723e+00 -8.8407837668666343e+03 2.4639323297532960e+00
2.0179999999962854e+00 -8.8392194141029431e+03 2.4640524856095496e+00
2.0199999999962985e+00 -8.8376976099110234e+03 2.4641724168522527e+00
2.0219999999963116e+00 -8.8361829083431530e+03 2.4642893022191639e+00
2.0239999999963247e+00 -8.8346401497164534e+03 2.4644305415705268e+00
2.0259999999963378e+00 -8.8331229964009890e+03 2.4645891974223852e+00
2.0279999999963509e+00 -8.8315681664517742e+03 2.4647300462177211e+00
2.0299999999963640e+00 -8.8300222632139066e+03 2.4648865292628499e+00
2.0319999999963771e+00 -8.8284983343918702e+03 2.4650633668878199e+00
2.0339999999963903e+00 -8.8270631345798611e+03 2.4652058076137591e+00
2.0359999999964034e+00 -8.8256485232848972e+03 2.4653841252839790e+00
2.0379999999964165e+00 -8.8241296932956557e+03 2.4655629752078481e+00
2.0399999999964296e+00 -8.8226109013577716e+03 2.4657448454291711e+00
2.0419999999964427e+00 -8.8210392904659002e+03 2.4659021000781918e+00
2.0439999999964558e+00 -8.8195729846772610e+03 2.4660845220799787e+00
2.0459999999964689e+00 -8.8180181212190910e+03 2.4662679037203139e+00
2.0479999999964820e+00 -8.8165792361311233e+03 2.4664163149091394e+00
2.0499999999964951e+00 -8.8152773567072891e+03 2.4665729382309802e+00
2.0519999999965082e+00 -8.8138825034794609e+03 2.4666847459841188e+00
2.0539999999965213e+00 -8.8126148390878461e+03 2.4668452576060877e+00
2.0559999999965344e+00 -8.8112751973127051e+03 2.4670185231760065e+00
2.0579999999965475e+00 -8.8098891825754818e+03 2.4671719797049887e+00
2.0599999999965606e+00 -8.8085499797720659e+03 2.4673311623736027e+00
2.0619999999965737e+00 -8.8072201927901770e+03 2.4674637752192723e+00
2.0639999999965868e+00 -8.8058804068167974e+03 2.4676469810998101e+00
2.0659999999965999e+00 -8.8045320400108649e+03 2.4677923463105866e+00
2.0679999999966130e+00 -8.8031739941982105e+03 2.4679646287049426e+00
2.0699999999966261e+00 -8.8018328726312902e+03 2.4681229416345407e+00
2.0719999999966392e+00 -8.8004961453427895e+03 2.4682885502098331e+00
2.0739999999966523e+00 -8.7991584340186728e+03 2.4684540454245871e+00
2.0759999999966654e+00 -8.7978299382768946e+03 2.4686176546214700e+00
2.0779999999966785e+00 -8.7955242148115740e+03 2.4685490878712768e+00
2.0799999999966916e+00 -8.7920288477981849e+03 2.4682319248927933e+00
2.0819999999967047e+00 -8.7902564712563744e+03 2.4680996635012109e+00
2.0839999999967178e+00 -8.7877119541111788e+03 2.4679324120749535e+00
2.0859999999967309e+00 -8.7860136760581936e+03 2.4678670128944171e+00
2.0879999999967440e+00 -8.7837158458390331e+03 2.4678145737473471e+00
2.0899999999967571e+00 -8.7817962213150004e+03 2.4677745469054564e+00
2.0919999999967702e+00 -8.7796623993054200e+03 2.4677546912361938e+00
2.0939999999967833e+00 -8.7777206357198902e+03 2.4677253133453099e+00
2.0959999999967964e+00 -8.7756990188153541e+03 2.4677331034957408e+00
2.0979999999968095e+00 -8.7737370422653312e+03 2.4677238059995532e+00
2.0999999999968226e+00 -8.7717673040958034e+03 2.4677387670329929e+00
2.1019999999968357e+00 -8.7698229038978970e+03 2.4677490519963206e+00
2.1039999999968488e+00 -8.7679018319101997e+03 2.4677781917806563e+00
2.1059999999968619e+00 -8.7659779848472463e+03 2.4678028258241165e+00
2.1079999999968750e+00 -8.7640936084516125e+03 2.4678431808262888e+00
2.1099999999968881e+00 -8.7621995881586972e+03 2.4678826233625926e+00
2.1119999999969012e+00 -8.7603407467078323e+03 2.4679322778426527e+00
2.1139999999969143e+00 -8.7584891786606786e+03 2.4679936241715361e+00
2.1159999999969274e+00 -8.7566692185598295e+03 2.4680550960680177e+00
2.1179999999969406e+00 -8.7548218032539480e+03 2.4681056982426677e+00
2.1199999999969537e+00 -8.7530485741753037e+03 2.4681576834648045e+00
2.1219999999969668e+00 -8.7512815816071416e+03 2.4682355452524707e+00
2.1239999999969799e+00 -8.7495527497171533e+03 2.4683170396945173e+00
2.1259999999969930e+00 -8.7478264722280110e+03 2.4683966820479077e+00
2.1279999999970061e+00 -8.7461214952846949e+03 2.4684911997174814e+00
2.1299999999970192e+00 -8.7444321357864737e+03 2.4685877023821199e+00
2.1319999999970323e+00 -8.7427550864421119e+03 2.4686888847013440e+00
2.1339999999970454e+00 -8.7410552778699421e+03 2.4688072371671281e+00
2.1359999999970585e+00 -8.7393227725676825e+03 2.4689149821950558e+00
2.1379999999970716e+00 -8.7376325106541371e+03 2.4690360050710809e+00
2.1399999999970847e+00 -8.7360102189861591e+03 2.4691289622106396e+00
2.1419999999970978e+00 -8.7343517065776032e+03 2.4692556345034742e+00
2.1439999999971109e+00 -8.7327227430493294e+03 2.4693803078005576e+00
2.1459999999971240e+00 -8.7310744405088553e+03 2.4695083208712614e+00
2.1479999999971371e+00 -8.7294700627826496e+03 2.4696363207069441e+00
2.1499999999971502e+00 -8.7278665375742294e+03 2.4697729153831962e+00
2.1519999999971633e+00 -8.7262588686079689e+03 2.4699116138426249e+00
2.1539999999971764e+00 -8.7246704780722739e+03 2.4700476701926330e+00
2.1559999999971895e+00 -8.7230767702194516e+03 2.4701940127521103e+00
2.1579999999972026e+00 -8.7214997079084096e+03 2.4703308118723446e+00
2.1599999999972157e+00 -8.7199262112318338e+03 2.4704824055231236e+00
2.1619999999972288e+00 -8.7183559000542646e+03 2.4706244060412450e+00
2.1639999999972419e+00 -8.7168004288871089e+03 2.4707744763892894e+00
2.1659999999972550e+00 -8.7152404013269297e+03 2.4709235128231453e+00
2.1679999999972681e+00 -8.7136999800499816e+03 2.4710717731454399e+00
2.1699999999972812e+00 -8.7121552155527297e+03 2.4712267274337143e+00
2.1719999999972943e+00 -8.7106257905095008e+03 2.4713747318972268e+00
2.1739999999973074e+00 -8.7090987933792749e+03 2.4715327477057265e+00
2.1759999999973205e+00 -8.7075784210849506e+03 2.4716833343393683e+00
2.1779999999973336e+00 -8.7060684301796809e+03 2.4718411348702469e+00
2.1799999999973467e+00 -8.7045594097254761e+03 2.4719960602129509e+00
2.1819999999973598e+00 -8.7030632703591218e+03 2.4721525743539567e+00
2.1839999999973729e+00 -8.7015727455591223e+03 2.4723128180391400e+00
2.1859999999973860e+00 -8.7001059981903418e+03 2.4724713735343156e+00
2.1879999999973991e+00 -8.6984627116299071e+03 2.4726170392854270e+00
2.1899999999974122e+00 -8.6968501639165843e+03 2.4727621939382596e+00
2.1919999999974253e+00 -8.6953444803112961e+03 2.4729657741899675e+00
2.1939999999974384e+00 -8.6936803978731059e+03 2.4731121021561293e+00
2.1959999999974515e+00 -8.6922887209851324e+03 2.4733195885387622e+00
2.1979999999974646e+00 -8.6907516305356330e+03 2.4735243154378357e+00
2.1999999999974778e+00 -8.6894058763795201e+03 2.4737391582296446e+00
2.2019999999974909e+00 -8.6879462687599735e+03 2.4739592881689982e+00
2.2039999999975040e+00 -8.6865931779244693e+03 2.4741811571131316e+00
2.2059999999975171e+00 -8.6852017203162450e+03 2.4744072516271789e+00
2.2079999999975302e+00 -8.6838461140545933e+03 2.4746316880443908e+00
2.2099999999975433e+00 -8.6825049432133528e+03 2.4748648167478313e+00
2.2119999999975564e+00 -8.6811489848101737e+03 2.4750897573267907e+00
2.2139999999975695e+00 -8.6798505472467259e+03 2.4753339226046513e+00
2.2159999999975826e+00 -8.6785253613841833e+03 2.4755549397274970e+00
2.2179999999975957e+00 -8.6771858662152426e+03 2.4757800354480688e+00
2.2199999999976088e+00 -8.6758565692479388e+03 2.4760048786426361e+00
2.2219999999976219e+00 -8.6745092039194369e+03 2.4762084521532248e+00
2.2239999999976350e+00 -8.6731867390165644e+03 2.4764320535573363e+00
2.2259999999976481e+00 -8.6718600250202217e+03 2.4766510147142733e+00
2.2279999999976612e+00 -8.6705453682076150e+03 2.4768617609353796e+00
2.2299999999976743e+00 -8.6692723235909634e+03 2.4770871062607585e+00
2.2319999999976874e+00 -8.6679841999219061e+03 2.4773012285468861e+00
2.2339999999977005e+00 -8.6667171950775919e+03 2.4775197815098156e+00
2.2359999999977136e+00 -8.6654411617923761e+03 2.4777308587558444e+00
2.2379999999977267e+00 -8.6641663535106381e+03 2.4779388532803366e+00
2.2399999999977398e+00 -8.6629086796038355e+03 2.4781439573177115e+00
2.2419999999977529e+00 -8.6616551076661381e+03 2.4783475187697381e+00
2.2439999999977660e+00 -8.6604159223657553e+03 2.4785540792873584e+00
2.2459999999977791e+00 -8.6591899770184555e+03 2.4787558709932100e+00
2.2479999999977922e+00 -8.6579727173473184e+03 2.4789627181570153e+00
2.2499999999978053e+00 -8.6567605697914878e+03 2.4791638983409636e+00
2.2519999999978184e+00 -8.6555596387078531e+03 2.4793717692000259e+00
2.2539999999978315e+00 -8.6543615255756376e+03 2.4795724591702819e+00
2.2559999999978446e+00 -8.6531775841154558e+03 2.4797790078093875e+00
2.2579999999978577e+00 -8.6519928788622892e+03 2.4799847807458395e+00
2.2599999999978708e+00 -8.6508176739087048e+03 2.4801890022102251e+00
2.2619999999978839e+00 -8.6496473666285801e+03 2.4803969602143519e+00
2.2639999999978970e+00 -8.6484821470224833e+03 2.4806014211791911e+00
2.2659999999979101e+00 -8.6473239906054696e+03 2.4808110347285539e+00
2.2679999999979232e+00 -8.6461704083190052e+03 2.4810159255882751e+00
2.2699999999979363e+00 -8.6450390697133244e+03 2.4812285276762069e+00
2.2719999999979494e+00 -8.6439048766184915e+03 2.4814334947581007e+00
2.2739999999979625e+00 -8.6427853563475819e+03 2.4816450270850612e+00
2.2759999999979756e+00 -8.6416664396929809e+03 2.4818570277185139e+00
2.2779999999979887e+00 -8.6405560034869541e+03 2.4820724408876029e+00
2.2799999999980018e+00 -8.6394477811432316e+03 2.4822909168104963e+00
2.2819999999980149e+00 -8.6383326328175845e+03 2.4825032742272786e+00
2.2839999999980281e+00 -8.6372308425015835e+03 2.4827217469487848e+00
2.2859999999980412e+00 -8.6361195680682686e+03 2.4829334974145132e+00
2.2879999999980543e+00 -8.6350277785799299e+03 2.4831506846237974e+00
2.2899999999980674e+00 -8.6339274524467728e+03 2.4833657555990540e+00
2.2919999999980805e+00 -8.6328390222575053e+03 2.4835842523343650e+00
2.2939999999980936e+00 -8.6317501877272498e+03 2.4838006168635376e+00
2.2959999999981067e+00 -8.6306685643353085e+03 2.4840252303022905e+00
2.2979999999981198e+00 -8.6295953969453276e+03 2.4842446609393654e+00
2.2999999999981329e+00 -8.6285264634441155e+03 2.4844656307005737e+00
2.3019999999981460e+00 -8.6274299510898509e+03 2.4846908765413005e+00
2.3039999999981591e+00 -8.6263632782870918e+03 2.4849138324026452e+00
2.3059999999981722e+00 -8.6253063677998216e+03 2.4851376639907614e+00
2.3079999999981853e+00 -8.6242425913817424e+03 2.4853624259833769e+00
2.3099999999981984e+00 -8.6231855526874224e+03 2.4855892429047399e+00
2.3119999999982115e+00 -8.6221265530078417e+03 2.4858145418954227e+00
2.3139999999982246e+00 -8.6210725395005829e+03 2.4860399283902161e+00
2.3159999999982377e+00 -8.6200212120613269e+03 2.4862634941795489e+00
2.3179999999982508e+00 -8.6189914704983039e+03 2.4864316132715278e+00
2.3199999999982639e+00 -8.6185319176195098e+03 2.4863885308616247e+00
2.3219999999982770e+00 -8.6175356363261235e+03 2.4865158556214246e+00
2.3239999999982901e+00 -8.6164671837339065e+03 2.4865236580511274e+00
2.3259999999983032e+00 -8.6154494964283931e+03 2.4865204231759037e+00
2.3279999999983163e+00 -8.6142131636480735e+03 2.4864728827459204e+00
2.3299999999983294e+00 -8.6132624310829560e+03 2.4864601087823504e+00
2.3319999999983425e+00 -8.6120406417302784e+03 2.4864612028434019e+00
2.3339999999983556e+00 -8.6110076312409656e+03 2.4864402150041225e+00
2.3359999999983687e+00 -8.6099026666154386e+03 2.4864419201534598e+00
2.3379999999983818e+00 -8.6088742671128311e+03 2.4864517689063943e+00
2.3399999999983949e+00 -8.6078290277086962e+03 2.4864648691815252e+00
2.3419999999984080e+00 -8.6067775248938451e+03 2.4864829856990833e+00
2.3439999999984211e+00 -8.6057638253051900e+03 2.4865005068685391e+00
2.3459999999984342e+00 -8.6047262685008664e+03 2.4865303439838695e+00
2.3479999999984473e+00 -8.6037455055054597e+03 2.4865608802913730e+00
2.3499999999984604e+00 -8.6027197515378975e+03 2.4865991804921035e+00
2.3519999999984735e+00 -8.6017423183098417e+03 2.4866398881497722e+00
2.3539999999984866e+00 -8.6007422101501070e+03 2.4866880993836120e+00
2.3559999999984997e+00 -8.5997453331134857e+03 2.4867381201077987e+00
2.3579999999985128e+00 -8.5987673142483291e+03 2.4867910632726158e+00
2.3599999999985259e+00 -8.5977750455710429e+03 2.4868497713892399e+00
2.3619999999985390e+00 -8.5968056393147726e+03 2.4869093360060912e+00
2.3639999999985521e+00 -8.5958275305857696e+03 2.4869759649832277e+00
2.3659999999985653e+00 -8.5948569300099134e+03 2.4870413154193090e+00
2.3679999999985784e+00 -8.5938936642818935e+03 2.4871150047867725e+00
2.3699999999985915e+00 -8.5929280103348301e+03 2.4871873474205266e+00
2.3719999999986046e+00 -8.5919732598654173e+03 2.4872655354021131e+00
2.3739999999986177e+00 -8.5910134750205016e+03 2.4873453705450164e+00
2.3759999999986308e+00 -8.5900630089143087e+03 2.4874263660329583e+00
2.3779999999986439e+00 -8.5891126744322955e+03 2.4875129027919956e+00
2.3799999999986570e+00 -8.5881655533019475e+03 2.4875976630302987e+00
2.3819999999986701e+00 -8.5872235010077620e+03 2.4876890776244585e+00
2.3839999999986832e+00 -8.5862800588480313e+03 2.4877783363235184e+00
2.3859999999986963e+00 -8.5853443817413408e+03 2.4878727995484073e+00
2.3879999999987094e+00 -8.5844064308264678e+03 2.4879669544001843e+00
2.3899999999987225e+00 -8.5834749048944268e+03 2.4880636240300498e+00
2.3919999999987356e+00 -8.5825429997532974e+03 2.4881620966640869e+00
2.3939999999987487e+00 -8.5816151708641391e+03 2.4882608916632498e+00
2.3959999999987618e+00 -8.5806890577791746e+03 2.4883628580254396e+00
2.3979999999987749e+00 -8.5797648079365972e+03 2.4884640058821388e+00
2.3999999999987880e+00 -8.5788441150411218e+03 2.4885686786306787e+00
2.4019999999988011e+00 -8.5779236267630640e+03 2.4886722617243140e+00
2.4039999999988142e+00 -8.5770075506482244e+03 2.4887787974033602e+00
2.4059999999988273e+00 -8.5760914320246047e+03 2.4888850736632859e+00
2.4079999999988404e+00 -8.5751793471160127e+03 2.4889928818798883e+00
2.4099999999988535e+00 -8.5742677040295002e+03 2.4891016228116993e+00
2.4119999999988666e+00 -8.5733593387915917e+03 2.4892105791868668e+00
2.4139999999988797e+00 -8.5724522012531233e+03 2.4893212988296840e+00
2.4159999999988928e+00 -8.5715472798841165e+03 2.4894314944886813e+00
2.4179999999989059e+00 -8.5706445426819300e+03 2.4895436437273579e+00
2.4199999999989190e+00 -8.5697430299527387e+03 2.4896551226062758e+00
2.4219999999989321e+00 -8.5688443970586777e+03 2.4897682326625645e+00
2.4239999999989452e+00 -8.5679462673481903e+03 2.4898811427596064e+00
2.4259999999989583e+00 -8.5670513926870644e+03 2.4899949953144880e+00
2.4279999999989714e+00 -8.5661575844809813e+03 2.4901093162796730e+00
2.4299999999989845e+00 -8.5652663130802066e+03 2.4902236813810825e+00
2.4319999999989976e+00 -8.5643766477883455e+03 2.4903390859471179e+00
2.4339999999990107e+00 -8.5634886647545882e+03 2.4904541264457851e+00
2.4359999999990238e+00 -8.5626027748801407e+03 2.4905702089953077e+00
2.4379999999990369e+00 -8.5617183640035528e+03 2.4906859388074296e+00
2.4399999999990500e+00 -8.5608364726523723e+03 2.4908025060878889e+00
2.4419999999990631e+00 -8.5599556256838769e+03 2.4909190572799269e+00
2.4439999999990762e+00 -8.5590775096735997e+03 2.4910359370393778e+00
2.4459999999990893e+00 -8.5582004394974992e+03 2.4911531080251694e+00
2.4479999999991024e+00 -8.5573258886236381e+03 2.4912703865816952e+00
2.4499999999991156e+00 -8.5564527001572642e+03 2.4913880205592189e+00
2.4519999999991287e+00 -8.5555815105542406e+03 2.4915056362192858e+00
2.4539999999991418e+00 -8.5547122101219720e+03 2.4916235994252136e+00
2.4559999999991549e+00 -8.5538462728414252e+03 2.4917408065739197e+00
2.4579999999991680e+00 -8.5529857947568198e+03 2.4918580345293959e+00
2.4599999999991811e+00 -8.5521295883099956e+03 2.4919743162632901e+00
2.4619999999991942e+00 -8.5512788938003923e+03 2.4920903102753762e+00
2.4639999999992073e+00 -8.5504313464677743e+03 2.4922059526987570e+00
2.4659999999992204e+00 -8.5495886295762248e+03 2.4923210363738644e+00
2.4679999999992335e+00 -8.5487494950378332e+03 2.4924360244118207e+00
2.4699999999992466e+00 -8.5479145100253718e+03 2.4925503406601797e+00
2.4719999999992597e+00 -8.5470836966251700e+03 2.4926646648542667e+00
2.4739999999992728e+00 -8.5463461683189962e+03 2.4927551675093786e+00
2.4759999999992859e+00 -8.5452922126983176e+03 2.4927836040465494e+00
2.4779999999992990e+00 -8.5445005708500248e+03 2.4928713576074273e+00
2.4799999999993121e+00 -8.5434578574109455e+03 2.4929480199086393e+00
2.4819999999993252e+00 -8.5426993736200075e+03 2.4930595662392516e+00
2.4839999999993383e+00 -8.5417885885330816e+03 2.4931698914392024e+00
2.4859999999993514e+00 -8.5409203431583810e+03 2.4932764248692365e+00
2.4879999999993645e+00 -8.5400782026470697e+03 2.4934052042446404e+00
2.4899999999993776e+00 -8.5391756209256801e+03 2.4935269936005726e+00
2.4919999999993907e+00 -8.5383580303224935e+03 2.4936606234667407e+00
2.4939999999994038e+00 -8.5374755531463634e+03 2.4937972047395816e+00
2.4959999999994169e+00 -8.5366518714251288e+03 2.4939361605023085e+00
2.4979999999994300e+00 -8.5358032503190498e+03 2.4940898403720531e+00
2.4999999999994431e+00 -8.5349955541483578e+03 2.4942345007107458e+00
