0.0000000000000000e+00 0.0000000000000000e+00 0.0000000000000000e+00
2.0000000000000039e-03 -6.6862051691065983e+02 -2.9616030921638035e+00
4.0000000000000088e-03 -1.4156495944867256e+03 -5.1687789922217870e+00
6.0000000000000140e-03 -3.4832752153324640e+02 -3.8171970711405661e+00
8.0000000000000106e-03 -4.8330448361569580e+02 -4.0414154899310484e+00
9.9999999999999291e-03 -4.4881331406128550e+02 -4.8989231954083010e+00
1.1999999999999848e-02 3.9528931713885029e+00 -3.1460165687382489e+00
1.3999999999999766e-02 -2.1370290039155390e+02 -4.9395030056221936e+00
1.5999999999999685e-02 7.8210984141356015e+00 -3.8687189000365185e+00
1.7999999999999603e-02 3.5379327388076458e+00 -3.8036271263258765e+00
1.9999999999999522e-02 6.2216773566720676e+00 -4.9300749415325136e+00
2.1999999999999440e-02 7.6629715636278153e+00 -3.3287831155279606e+00
2.3999999999999359e-02 3.9926323346601249e+00 -4.6916167183586337e+00
2.5999999999999277e-02 8.5322561639910273e+00 -4.2211197961671161e+00
2.7999999999999196e-02 7.4651949921960314e+00 -3.9495050996440830e+00
2.9999999999999114e-02 6.5858680443557942e+00 -4.8939517642066033e+00
3.1999999999999036e-02 1.1184523914922385e+01 -3.9487608700710877e+00
3.3999999999998955e-02 7.8473802963906945e+00 -4.3555656145443979e+00
3.5999999999998873e-02 9.7548706121289008e+00 -4.3816660902659903e+00
3.7999999999998792e-02 1.0340069406802446e+01 -3.9945569815000681e+00
3.9999999999998710e-02 8.8809765887300216e+00 -4.3128105906832630e+00
4.1999999999998629e-02 1.0673396287423540e+01 -4.0340283827897663e+00
4.3999999999998547e-02 1.0860674683254299e+01 -4.2340260348020653e+00
4.5999999999998466e-02 1.1150500314858640e+01 -4.3262516090840473e+00
4.7999999999998384e-02 1.1273208814845912e+01 -4.2189635296825232e+00
4.9999999999998303e-02 1.1533927303544349e+01 -4.4313639967494129e+00
5.1999999999998221e-02 1.1413460334592065e+01 -4.4443133245827804e+00
5.3999999999998140e-02 1.1553997190116331e+01 -4.5298702528656776e+00
5.5999999999998058e-02 1.2426165333861412e+01 -4.6590959784503916e+00
5.7999999999997977e-02 1.2271657043342815e+01 -4.6237631758117148e+00
5.9999999999997895e-02 1.2048755315968998e+01 -4.6376137272704723e+00
6.1999999999997814e-02 1.2198983208456360e+01 -4.7358356665511181e+00
6.3999999999998253e-02 1.2475548698275404e+01 -4.7972296336782190e+00
6.5999999999998865e-02 1.2442411832786178e+01 -4.9012145842551451e+00
6.7999999999999478e-02 1.2559650669802020e+01 -5.0247394797793579e+00
7.0000000000000090e-02 1.2539371461106692e+01 -5.1989324904718517e+00
7.2000000000000702e-02 1.2775156398837005e+01 -5.5107045800185137e+00
7.4000000000001315e-02 1.3200329820592975e+01 -5.8422081611228451e+00
7.6000000000001927e-02 1.3184053595792490e+01 -6.2137651836618488e+00
7.8000000000002540e-02 1.3298562188040052e+01 -6.6422266304938624e+00
8.0000000000003152e-02 1.3608426771848320e+01 -6.9954914597330129e+00
8.2000000000003764e-02 1.3915764993506786e+01 -7.3181428399198634e+00
8.4000000000004377e-02 1.4286309073279467e+01 -7.5897783792417304e+00
8.6000000000004989e-02 1.4435296484229410e+01 -7.8223978999450852e+00
8.8000000000005602e-02 1.4276875529126135e+01 -8.0575699093182394e+00
9.0000000000006214e-02 1.4493985750265860e+01 -8.2381911410589126e+00
9.2000000000006826e-02 1.4600459751599056e+01 -8.3689470091203688e+00
9.4000000000007439e-02 1.4588179286851496e+01 -8.4680551099680059e+00
9.6000000000008051e-02 1.4632734672610550e+01 -8.5327502782869029e+00
9.8000000000008664e-02 1.4676647166477750e+01 -8.5745597202389376e+00
1.0000000000000928e-01 1.4690069188275777e+01 -8.5986935392993189e+00
1.0200000000000989e-01 1.4681493538641492e+01 -8.6050381805495171e+00
1.0400000000001050e-01 1.4612032392044775e+01 -8.5909792152713305e+00
1.0600000000001111e-01 1.4544640465720969e+01 -8.5624337484878179e+00
1.0800000000001173e-01 1.4653602749792489e+01 -8.2691425722539691e+00
1.1000000000001234e-01 1.6021224465785171e+01 -7.6504492986132551e+00
1.1200000000001295e-01 1.5906818520029521e+01 -7.1247211752192303e+00
1.1400000000001356e-01 1.4649466571679508e+01 -6.7437679278737228e+00
1.1600000000001418e-01 1.4696387065419202e+01 -6.4760637222524720e+00
1.1800000000001479e-01 1.4710465535416937e+01 -6.3053640608792572e+00
1.2000000000001540e-01 1.4679552808291096e+01 -6.2516915187644999e+00
1.2200000000001601e-01 1.4157240883399592e+01 -6.2199905452891810e+00
1.2400000000001662e-01 1.4281848235254049e+01 -6.2000248839545486e+00
1.2600000000001654e-01 1.4168738415766747e+01 -6.1682610909964666e+00
1.2800000000001577e-01 1.3684550655370474e+01 -6.1938654629760279e+00
1.3000000000001499e-01 1.4314136827150140e+01 -6.1958359710771758e+00
1.3200000000001422e-01 1.4078361307234720e+01 -6.1740094380133108e+00
1.3400000000001344e-01 1.3610652628139926e+01 -6.1684177302685486e+00
1.3600000000001267e-01 1.3887936794573909e+01 -6.0936459566958927e+00
1.3800000000001189e-01 1.3513853278675137e+01 -6.0235085735079945e+00
1.4000000000001112e-01 1.3241219422041979e+01 -5.9620276779242074e+00
1.4200000000001034e-01 1.3199495562291842e+01 -5.8706108302238835e+00
1.4400000000000956e-01 1.3015759649919092e+01 -5.7338533721434084e+00
1.4600000000000879e-01 1.3001189487055319e+01 -5.5733218763648775e+00
1.4800000000000801e-01 1.2907965346588099e+01 -5.4073230840291782e+00
1.5000000000000724e-01 1.3562849242763935e+01 -5.2474354777141334e+00
1.5200000000000646e-01 1.3487406691481869e+01 -5.1053269446529654e+00
1.5400000000000569e-01 1.3246379637978189e+01 -4.9880980409356512e+00
1.5600000000000491e-01 1.3053606122028121e+01 -4.9162033765481299e+00
1.5800000000000414e-01 1.3054058392486347e+01 -4.9217592724874395e+00
1.6000000000000336e-01 1.2865825190523600e+01 -4.9367148951479312e+00
1.6200000000000259e-01 1.2516201957659943e+01 -4.9614975299479109e+00
1.6400000000000181e-01 1.2269610899101931e+01 -4.9798715167082852e+00
1.6600000000000104e-01 1.2122917340114549e+01 -4.9847080427862513e+00
1.6800000000000026e-01 1.1075121974268207e+01 -4.9799579800980327e+00
1.6999999999999948e-01 1.1112705668111660e+01 -4.9599004878074204e+00
1.7199999999999871e-01 1.1158399857581278e+01 -4.8805185390827859e+00
1.7399999999999793e-01 1.1882709899354982e+01 -4.7535906532468086e+00
1.7599999999999716e-01 1.1793402870560984e+01 -4.5977459784970716e+00
1.7799999999999638e-01 1.1782565161950336e+01 -4.3825828996544622e+00
1.7999999999999561e-01 1.0810782771028450e+01 -4.1127626038431950e+00
1.8199999999999483e-01 1.0644206173100063e+01 -3.8011545238303515e+00
1.8399999999999406e-01 1.0470771251781713e+01 -3.3726296883464975e+00
1.8599999999999328e-01 1.0248983122420174e+01 -2.8681993200786766e+00
1.8799999999999251e-01 1.0403803326869932e+01 -2.4798708480572715e+00
1.8999999999999173e-01 9.9465880936723696e+00 -2.1041876642443480e+00
1.9199999999999096e-01 9.7304301573604111e+00 -1.6347667527219818e+00
1.9399999999999018e-01 9.9274165682210818e+00 -1.1375909273118061e+00
1.9599999999998940e-01 9.6145059545488145e+00 -6.0039457689953213e-01
1.9799999999998863e-01 1.0129769862871596e+01 1.1061630470046584e-01
1.9999999999998785e-01 1.0147572559615494e+01 3.9259777228400083e-01
2.0199999999998708e-01 9.9967432001600578e+00 5.6710277208456839e-01
2.0399999999998630e-01 9.6038770197547176e+00 8.1479838910788183e-01
2.0599999999998553e-01 9.7847768429621507e+00 1.0361568100260581e+00
2.0799999999998475e-01 9.4143604036578559e+00 1.2103309736279260e+00
2.0999999999998398e-01 9.8710294640174663e+00 1.4165990545833689e+00
2.1199999999998320e-01 9.3877243034839086e+00 1.5849883968369642e+00
2.1399999999998243e-01 9.3483304531973825e+00 1.8133994360180288e+00
2.1599999999998165e-01 9.0296926321016251e+00 2.0184438940915603e+00
2.1799999999998088e-01 8.9488044483634432e+00 2.2490378372098969e+00
2.1999999999998010e-01 8.8458217377535924e+00 2.3948530911318522e+00
2.2199999999997932e-01 8.6929470892893228e+00 2.5630462350323144e+00
2.2399999999997855e-01 8.6577104077230942e+00 2.7277552950891590e+00
2.2599999999997777e-01 7.9464283874920536e+00 2.9007758892024973e+00
2.2799999999997700e-01 7.9251457950894260e+00 3.0684645602441822e+00
2.2999999999997622e-01 7.8574592072286551e+00 3.2384843095112772e+00
2.3199999999997545e-01 7.7842765773900204e+00 3.3595846976333017e+00
2.3399999999997467e-01 7.5958538570184819e+00 3.4708182754793788e+00
2.3599999999997390e-01 7.4347173366064112e+00 3.5960904710153985e+00
2.3799999999997312e-01 7.2587356426197092e+00 3.7202496418459967e+00
2.3999999999997235e-01 7.2226841553286993e+00 3.8522532844522179e+00
2.4199999999997157e-01 7.1406160933877620e+00 3.9654735682614501e+00
2.4399999999997080e-01 7.4450030708833541e+00 4.0563093163378801e+00
2.4599999999997002e-01 7.3981719040870084e+00 4.1669313825923675e+00
2.4799999999996925e-01 7.2696118691998670e+00 4.2312277686399744e+00
2.4999999999996847e-01 7.1263600254615200e+00 4.2283467246916624e+00
2.5199999999997047e-01 7.0808660889988504e+00 4.1841229054941822e+00
2.5399999999997247e-01 6.9004180075664516e+00 4.1289065063473789e+00
2.5599999999997447e-01 6.6991365754344114e+00 3.9906729761321564e+00
2.5799999999997647e-01 6.6540672185628909e+00 3.7755947264393255e+00
2.5999999999997847e-01 6.1608068562660199e+00 3.4594127358426703e+00
2.6199999999998047e-01 5.9425852261532031e+00 2.7068595251144152e+00
2.6399999999998247e-01 6.0236589910886273e+00 1.9040705322765661e+00
2.6599999999998447e-01 5.7086110745751233e+00 1.0334151900417536e+00
2.6799999999998647e-01 5.5675311061721162e+00 6.8669140413427809e-02
2.6999999999998847e-01 5.0245608870777847e+00 -8.6168236723774272e-01
2.7199999999999047e-01 5.1031883400368567e+00 -1.6334784401717728e+00
2.7399999999999247e-01 4.9471227807491029e+00 -2.3899889658765447e+00
2.7599999999999447e-01 4.9979747226758953e+00 -2.9274378698897205e+00
2.7799999999999647e-01 4.8307265442356755e+00 -3.3560523105409317e+00
2.7999999999999847e-01 4.8763005769637768e+00 -3.8254521300302926e+00
2.8200000000000047e-01 4.8010200922789021e+00 -4.3158727245819577e+00
2.8400000000000247e-01 4.9277512478512246e+00 -4.5229795699277471e+00
2.8600000000000447e-01 4.8468097586416947e+00 -4.6316158871831847e+00
2.8800000000000647e-01 4.3793731360275228e+00 -4.7532722456838972e+00
2.9000000000000847e-01 4.2597830558254346e+00 -5.1042152339189384e+00
2.9200000000001047e-01 4.2042187314132580e+00 -5.3973528939868691e+00
2.9400000000001247e-01 4.2787950346163814e+00 -5.6171010960436911e+00
2.9600000000001447e-01 4.2653868495033516e+00 -5.7554097174741665e+00
2.9800000000001647e-01 4.0606908066275649e+00 -5.8540969685140940e+00
3.0000000000001847e-01 3.8479497621453014e+00 -5.9590744758550604e+00
3.0200000000002047e-01 3.8132525636849377e+00 -6.0262201647494713e+00
3.0400000000002247e-01 3.7114513116330210e+00 -6.1022596232346302e+00
3.0600000000002447e-01 3.7097855468170997e+00 -6.1760476590926086e+00
3.0800000000002647e-01 3.5114620098288469e+00 -6.2468905207056213e+00
3.1000000000002848e-01 3.2434654210844553e+00 -6.2926029421868312e+00
3.1200000000003048e-01 3.0892732847904840e+00 -6.3517000267507751e+00
3.1400000000003248e-01 3.1234507295439657e+00 -6.3565896944671110e+00
3.1600000000003448e-01 2.9913452345560225e+00 -6.3540916285790745e+00
3.1800000000003648e-01 -1.5426210623570940e+00 -6.3536267099021675e+00
3.2000000000003848e-01 2.7683598625269714e+00 -6.3633198542307756e+00
3.2200000000004048e-01 -1.7732101451512364e+01 -6.3723100683511325e+00
3.2400000000004248e-01 -2.9893357093199342e+01 -6.3582803707501174e+00
3.2600000000004448e-01 -6.2375798255590311e+01 -6.3314471231435530e+00
3.2800000000004648e-01 -9.6944408803392278e+01 -6.2855840992245104e+00
3.3000000000004848e-01 -1.4398704709284178e+02 -6.1478196318286384e+00
3.3200000000005048e-01 -1.5492387318382367e+02 -5.3522197121304051e+00
3.3400000000005248e-01 -1.5294219358778091e+02 -4.5595115798952897e+00
3.3600000000005448e-01 -2.0341421610943104e+02 -3.6837621151467763e+00
3.3800000000005648e-01 -2.1468624667691773e+02 -2.7954883456743098e+00
3.4000000000005848e-01 -2.4544483642911138e+02 -1.9637576524807203e+00
3.4200000000006048e-01 -2.7082113359059969e+02 -1.2027083992744338e+00
3.4400000000006248e-01 -3.0563622941256074e+02 -5.1945797553372630e-01
3.4600000000006448e-01 -3.4225055063672249e+02 3.7148476299504130e-02
3.4800000000006648e-01 -3.9029566399468973e+02 3.9332552515220953e-01
3.5000000000006848e-01 -4.6709288264645255e+02 7.0836129696807260e-01
3.5200000000007048e-01 -5.2257265960588495e+02 9.4321191113194647e-01
3.5400000000007248e-01 -6.0066159287453274e+02 1.1602096963745776e+00
3.5600000000007448e-01 -6.7519635431529048e+02 1.3486124474573820e+00
3.5800000000007648e-01 -7.5376402126306630e+02 1.5164202167791001e+00
3.6000000000007848e-01 -8.3053231245314316e+02 1.6609242849790404e+00
3.6200000000008048e-01 -9.0062287882711360e+02 1.7805843515021382e+00
3.6400000000008248e-01 -9.6515851095083849e+02 1.8759238293256191e+00
3.6600000000008448e-01 -1.0283768178923171e+03 1.9503233493133563e+00
3.6800000000008648e-01 -1.0887553918903632e+03 1.9963310177115703e+00
3.7000000000008848e-01 -1.1503822960640341e+03 2.0265757773315043e+00
3.7200000000009048e-01 -1.2125075536197476e+03 2.0727894749952176e+00
3.7400000000009248e-01 -1.2731055438996814e+03 2.1313899931650861e+00
3.7600000000009448e-01 -1.3337285061583557e+03 2.2042400175039489e+00
3.7800000000009648e-01 -1.3907311145265496e+03 2.2844784447736775e+00
3.8000000000009848e-01 -1.4332354367275739e+03 2.3649503317422700e+00
3.8200000000010048e-01 -1.4665743333233961e+03 2.5066117573726574e+00
3.8400000000010248e-01 -1.4778315545320108e+03 2.5169024779270623e+00
3.8600000000010448e-01 -1.5064573389162219e+03 2.5566535298089503e+00
3.8800000000010648e-01 -1.5198737718350874e+03 2.5937644614862165e+00
3.9000000000010848e-01 -1.5279803421284357e+03 2.6132960801275535e+00
3.9200000000011048e-01 -1.5417631370747501e+03 2.6351342051500297e+00
3.9400000000011248e-01 -1.5575074630573256e+03 2.6283503977636489e+00
3.9600000000011448e-01 -1.5770214901384004e+03 2.6251952426369187e+00
3.9800000000011648e-01 -1.5887098979626910e+03 2.6022006653372913e+00
4.0000000000011848e-01 -1.6152751876213365e+03 2.5724910296748784e+00
4.0200000000012048e-01 -1.6311986802297015e+03 2.5342818938926448e+00
4.0400000000012248e-01 -1.6596691233149020e+03 2.4780809458357260e+00
4.0600000000012448e-01 -1.6861077066021905e+03 2.4023409931355100e+00
4.0800000000012648e-01 -1.7292428690354814e+03 2.3139258345787659e+00
4.1000000000012848e-01 -1.7728479245330395e+03 2.2350809133878498e+00
4.1200000000013048e-01 -1.8220009878366920e+03 2.1547690598270570e+00
4.1400000000013248e-01 -1.8636447708297028e+03 2.0808827091317150e+00
4.1600000000013448e-01 -1.9013122963959693e+03 2.0023449367425457e+00
4.1800000000013648e-01 -1.9376611712090871e+03 1.9057732884421812e+00
4.2000000000013848e-01 -1.9750908998043972e+03 1.8303167034497378e+00
4.2200000000014048e-01 -2.0035623166937271e+03 1.7293533057966066e+00
4.2400000000014249e-01 -2.0361530988314394e+03 1.6445491759040283e+00
4.2600000000014449e-01 -2.0494337944243425e+03 1.5316573963189961e+00
4.2800000000014649e-01 -2.0750353526508325e+03 1.3960679292561455e+00
4.3000000000014849e-01 -2.0938731953744441e+03 1.2457592386127896e+00
4.3200000000015049e-01 -2.0967273975520638e+03 1.1619207038589447e+00
4.3400000000015249e-01 -2.1648105149016897e+03 6.8843688076729093e-01
4.3600000000015449e-01 -2.1952405609518028e+03 4.9669645424638875e-01
4.3800000000015649e-01 -2.1611760897798854e+03 1.5753745562258387e-01
4.4000000000015849e-01 -2.2461216916394624e+03 1.6294130722588118e-02
4.4200000000016049e-01 -2.2761242849344776e+03 -1.0975047320000136e-01
4.4400000000016249e-01 -2.3142808510173772e+03 -2.1760078795016341e-01
4.4600000000016449e-01 -2.3606056162859336e+03 -3.0301198903975401e-01
4.4800000000016649e-01 -2.3997569749132540e+03 -3.8499420615724533e-01
4.5000000000016849e-01 -2.4573204755672646e+03 -4.2683225089185656e-01
4.5200000000017049e-01 -2.4846582624840976e+03 -4.8679142107281609e-01
4.5400000000017249e-01 -2.5363559203533550e+03 -5.1344569122536043e-01
4.5600000000017449e-01 -2.5643348983332658e+03 -5.4874499929753162e-01
4.5800000000017649e-01 -2.6136594110576398e+03 -5.5180561151989960e-01
4.6000000000017849e-01 -2.6426850350613217e+03 -5.6056804111691805e-01
4.6200000000018049e-01 -2.6842154920952826e+03 -6.1376764322783317e-01
4.6400000000018249e-01 -2.7153526538563769e+03 -6.0589181648419754e-01
4.6600000000018449e-01 -2.7502091005937755e+03 -6.0655014413691599e-01
4.6800000000018649e-01 -2.7765496629709314e+03 -6.2559044514309359e-01
4.7000000000018849e-01 -2.8076638912000089e+03 -6.4361531480028533e-01
4.7200000000019049e-01 -2.8342006604244862e+03 -6.5589090192084076e-01
4.7400000000019249e-01 -2.8573984580759402e+03 -6.8160488989885759e-01
4.7600000000019449e-01 -2.8792634296391502e+03 -6.9672187569061850e-01
4.7800000000019649e-01 -2.8944463837673279e+03 -7.2282249667581799e-01
4.8000000000019849e-01 -2.9158484456642095e+03 -7.4391499206100176e-01
4.8200000000020049e-01 -2.9278937681239022e+03 -7.7389401333210417e-01
4.8400000000020249e-01 -2.9449010501571720e+03 -7.8579278391448248e-01
4.8600000000020449e-01 -2.9597655453838111e+03 -8.0049436863621315e-01
4.8800000000020649e-01 -2.9782047900740408e+03 -8.0035274591473593e-01
4.9000000000020849e-01 -2.9875270040032765e+03 -7.9972069990620565e-01
4.9200000000021049e-01 -3.0030379015684571e+03 -7.8741872010465386e-01
4.9400000000021249e-01 -3.0133482665625556e+03 -7.6858629058221506e-01
4.9600000000021449e-01 -3.0247291750969043e+03 -7.3642757493221478e-01
4.9800000000021649e-01 -3.0304516430849490e+03 -7.0072880830998252e-01
5.0000000000021849e-01 -3.0395733974065729e+03 -6.5078677382127026e-01
5.0200000000022049e-01 -3.0407416412890366e+03 -6.0862010725492710e-01
5.0400000000022249e-01 -3.0430383637977689e+03 -5.6194729500035490e-01
5.0600000000022449e-01 -3.0410597403754687e+03 -5.1727230431022597e-01
5.0800000000022649e-01 -3.0388390305505532e+03 -4.6708029993413835e-01
5.1000000000022849e-01 -3.0351777652333199e+03 -4.1886786301840340e-01
5.1200000000023049e-01 -3.0281081653086576e+03 -3.6892949050887175e-01
5.1400000000023249e-01 -3.0222077827147900e+03 -3.0891023232569587e-01
5.1600000000023449e-01 -3.0213178041217216e+03 -2.3769390185787653e-01
5.1800000000023649e-01 -3.0235583635265066e+03 -1.6177655183368350e-01
5.2000000000023849e-01 -3.0234191118320709e+03 -7.8889190104179552e-02
5.2200000000024049e-01 -3.0196300431206387e+03 -5.2583356597135644e-04
5.2400000000024249e-01 -3.0161807121480633e+03 8.1747980476538751e-02
5.2600000000024449e-01 -3.0102283933862350e+03 1.6323048303006382e-01
5.2800000000024649e-01 -3.0054773873971749e+03 2.4986312207531292e-01
5.3000000000024849e-01 -2.9981045491167142e+03 3.4011427776024489e-01
5.3200000000025049e-01 -2.9879336412575790e+03 4.2356784888828602e-01
5.3400000000025249e-01 -2.9768518249532431e+03 5.0855253602836137e-01
5.3600000000025450e-01 -2.9650978754246307e+03 5.9393016652754338e-01
5.3800000000025650e-01 -2.9504136299821639e+03 6.7211633384696257e-01
5.4000000000025850e-01 -2.9366740512516999e+03 7.4773899990049353e-01
5.4200000000026050e-01 -2.9220862692339920e+03 8.1795618577867946e-01
5.4400000000026250e-01 -2.9062327793943382e+03 8.8293348920045078e-01
5.4600000000026450e-01 -2.8916889639659921e+03 9.4276119130985403e-01
5.4800000000026650e-01 -2.8759939702146880e+03 9.9778851394789769e-01
5.5000000000026850e-01 -2.8628855565606750e+03 1.0483186289184467e+00
5.5200000000027050e-01 -2.8507617964365345e+03 1.1007259949803554e+00
5.5400000000027250e-01 -2.8392477395577316e+03 1.1500332983186650e+00
5.5600000000027450e-01 -2.8267176903714758e+03 1.2176883818201496e+00
5.5800000000027650e-01 -2.8099048547518028e+03 1.2670537129151322e+00
5.6000000000027850e-01 -2.7861786222988408e+03 1.2840768494534127e+00
5.6200000000028050e-01 -2.7634465439589303e+03 1.2903833263183864e+00
5.6400000000028250e-01 -2.7430252809371018e+03 1.2997642044830160e+00
5.6600000000028450e-01 -2.7168282983042982e+03 1.3055991066043386e+00
5.6800000000028650e-01 -2.6951777438253553e+03 1.3004400969847778e+00
5.7000000000028850e-01 -2.6593622595998236e+03 1.2820381810134625e+00
5.7200000000029050e-01 -2.6359176423495965e+03 1.2689460210124655e+00
5.7400000000029250e-01 -2.6123527628821416e+03 1.2584899082773073e+00
5.7600000000029450e-01 -2.5883476542660001e+03 1.2398765925221229e+00
5.7800000000029650e-01 -2.5644673012071003e+03 1.2218999965882609e+00
5.8000000000029850e-01 -2.5323600952184370e+03 1.1985062448899606e+00
5.8200000000030050e-01 -2.5070422267798290e+03 1.1808601881009069e+00
5.8400000000030250e-01 -2.4810668939450784e+03 1.1648721119466818e+00
5.8600000000030450e-01 -2.4557212801764949e+03 1.1498212602244131e+00
5.8800000000030650e-01 -2.4328012644997725e+03 1.1282393167073561e+00
5.9000000000030850e-01 -2.4114899134913094e+03 1.1178965132126730e+00
5.9200000000031050e-01 -2.3811368719414813e+03 1.1017763451642426e+00
5.9400000000031250e-01 -2.3579076673835748e+03 1.0974347359275436e+00
5.9600000000031450e-01 -2.3397082468725775e+03 1.0968884391554552e+00
5.9800000000031650e-01 -2.3133989902136241e+03 1.0851898759848444e+00
6.0000000000031850e-01 -2.2953282839338663e+03 1.0776030742321756e+00
6.0200000000032050e-01 -2.2676110850206665e+03 1.0650106934575279e+00
6.0400000000032250e-01 -2.2394429223104312e+03 1.0585779301823743e+00
6.0600000000032450e-01 -2.2185670820978798e+03 1.0647987245958179e+00
6.0800000000032650e-01 -2.1889851750566672e+03 1.0693986147529393e+00
6.1000000000032850e-01 -2.1581507808638994e+03 1.0698867770665397e+00
6.1200000000033050e-01 -2.1251945200929372e+03 1.0742084481671801e+00
6.1400000000033250e-01 -2.0962944552308304e+03 1.0870035646868321e+00
6.1600000000033450e-01 -2.0728646859630694e+03 1.1051716476906293e+00
6.1800000000033650e-01 -2.0511633066149257e+03 1.1223795894709669e+00
6.2000000000033850e-01 -2.0231512464902335e+03 1.1305325057144338e+00
6.2200000000034050e-01 -1.9905099307133999e+03 1.1294057567078868e+00
6.2400000000034250e-01 -1.9655018015764012e+03 1.1382668614702038e+00
6.2600000000034450e-01 -1.9388193347746458e+03 1.1446117091730366e+00
6.2800000000034650e-01 -1.9162188306039673e+03 1.1462239181377516e+00
6.3000000000034850e-01 -1.8920973277864803e+03 1.1519408113961673e+00
6.3200000000035050e-01 -1.8724902040416550e+03 1.1560567699459654e+00
6.3400000000035250e-01 -1.8459193626289473e+03 1.1566341735022945e+00
6.3600000000035450e-01 -1.8213928119390744e+03 1.1555697502570503e+00
6.3800000000035650e-01 -1.8045829119976938e+03 1.1596267308364494e+00
6.4000000000035850e-01 -1.7857626164684366e+03 1.1609668792991670e+00
6.4200000000036050e-01 -1.7768166931296366e+03 1.1702834513896885e+00
6.4400000000036250e-01 -1.7616383909174890e+03 1.1750643662529341e+00
6.4600000000036450e-01 -1.7523788715905748e+03 1.1848792414054863e+00
6.4800000000036651e-01 -1.7427040283239810e+03 1.1939805452669452e+00
6.5000000000036851e-01 -1.7357636730662368e+03 1.2042816138743979e+00
6.5200000000037051e-01 -1.7344352088467156e+03 1.2153936498600135e+00
6.5400000000037251e-01 -1.7314827225960300e+03 1.2502431596611312e+00
6.5600000000037451e-01 -1.7443887377938033e+03 1.1795214260428302e+00
6.5800000000037651e-01 -1.7417405794650238e+03 1.2405835091293205e+00
6.6000000000037851e-01 -1.7152552560880124e+03 1.1430890984596487e+00
6.6200000000038051e-01 -1.6809105200111574e+03 1.1320596513143890e+00
6.6400000000038251e-01 -1.6999940865453923e+03 1.1444749922054567e+00
6.6600000000038451e-01 -1.7028987031541201e+03 1.1315237756703604e+00
6.6800000000038651e-01 -1.6532633851393973e+03 1.0967855904559991e+00
6.7000000000038851e-01 -1.6645959038634678e+03 1.1099096798053485e+00
6.7200000000039051e-01 -1.6463278713149843e+03 1.1069874902926546e+00
6.7400000000039251e-01 -1.6432467011477731e+03 1.1255940068816592e+00
6.7600000000039451e-01 -1.6410950764690706e+03 1.1225791548292874e+00
6.7800000000039651e-01 -1.6056615945147971e+03 1.1130235527320091e+00
6.8000000000039851e-01 -1.6091175674909707e+03 1.1227705746944754e+00
6.8200000000040051e-01 -1.5861969418956435e+03 1.1210910298644432e+00
6.8400000000040251e-01 -1.5699084148477350e+03 1.1235647587815714e+00
6.8600000000040451e-01 -1.5601829901699953e+03 1.1258227749170424e+00
6.8800000000040651e-01 -1.5351924941590119e+03 1.1286600908042135e+00
6.9000000000040851e-01 -1.5315674007118826e+03 1.1357143255213422e+00
6.9200000000041051e-01 -1.5037008404155747e+03 1.1320137841733122e+00
6.9400000000041251e-01 -1.4868033694863018e+03 1.1176658600813694e+00
6.9600000000041451e-01 -1.4724601860195685e+03 1.1294922207414695e+00
6.9800000000041651e-01 -1.4500800919789569e+03 1.1245635559416092e+00
7.0000000000041851e-01 -1.4423394127943959e+03 1.1233713513839669e+00
7.0200000000042051e-01 -1.4141067552309576e+03 1.0993217245806424e+00
7.0400000000042251e-01 -1.4027973273041864e+03 1.0734602890412799e+00
7.0600000000042451e-01 -1.3871483867659617e+03 1.0556150477248740e+00
7.0800000000042651e-01 -1.3714154238004985e+03 1.0129414353966366e+00
7.1000000000042851e-01 -1.3607228636697623e+03 9.7734830398031036e-01
7.1200000000043051e-01 -1.3429814549295988e+03 9.3502714494215744e-01
7.1400000000043251e-01 -1.3429266266759146e+03 8.9097447176990741e-01
7.1600000000043451e-01 -1.3307837325011351e+03 8.4331028983165157e-01
7.1800000000043651e-01 -1.3272389743167566e+03 7.9012137954926653e-01
7.2000000000043851e-01 -1.3194540346049434e+03 7.3806543544475633e-01
7.2200000000044051e-01 -1.3208756311972008e+03 7.0139417076771926e-01
7.2400000000044251e-01 -1.3266670912354341e+03 6.5430116606189448e-01
7.2600000000044451e-01 -1.3318820447415521e+03 6.3176001059754860e-01
7.2800000000044651e-01 -1.3588546949963875e+03 6.2164113865337844e-01
7.3000000000044851e-01 -1.3703465888127448e+03 6.0462354965375642e-01
7.3200000000045051e-01 -1.3934820194331264e+03 6.1131594561138958e-01
7.3400000000045251e-01 -1.4178834301410031e+03 6.1589898434045498e-01
7.3600000000045451e-01 -1.4270214719905011e+03 6.0388313893841339e-01
7.3800000000045651e-01 -1.4444893824133101e+03 5.9986475136469442e-01
7.4000000000045851e-01 -1.4454070143480201e+03 5.8967263952222526e-01
7.4200000000046051e-01 -1.4586778579038544e+03 5.8164286773004226e-01
7.4400000000046251e-01 -1.4636852899211397e+03 5.7627964693985256e-01
7.4600000000046451e-01 -1.4593122186894273e+03 5.6338454678672911e-01
7.4800000000046651e-01 -1.4698573033570171e+03 5.6679577987812413e-01
7.5000000000046851e-01 -1.4708190262527826e+03 5.5647538758822057e-01
7.5200000000047051e-01 -1.4725463556382056e+03 5.3890909171328949e-01
7.5400000000047251e-01 -1.4760107962277546e+03 5.4415656001156298e-01
7.5600000000047451e-01 -1.4838192936715679e+03 5.3797416771441142e-01
7.5800000000047651e-01 -1.4878225662074651e+03 5.2629390761730499e-01
7.6000000000047852e-01 -1.4915967949693936e+03 5.2195407967596452e-01
7.6200000000048052e-01 -1.5032097414179195e+03 5.2428276243066541e-01
7.6400000000048252e-01 -1.5092413025922981e+03 5.2646988300708863e-01
7.6600000000048452e-01 -1.5184743138058041e+03 5.1955427723596603e-01
7.6800000000048652e-01 -1.5254671089525530e+03 5.1818593236270272e-01
7.7000000000048852e-01 -1.5372467162731339e+03 5.2271503502745209e-01
7.7200000000049052e-01 -1.5492947980608672e+03 5.2188771537094625e-01
7.7400000000049252e-01 -1.5563354638391024e+03 5.2076204649018720e-01
7.7600000000049452e-01 -1.5713208887916292e+03 5.3352349306654023e-01
7.7800000000049652e-01 -1.5806879349267153e+03 5.4146063211111795e-01
7.8000000000049852e-01 -1.5958210811893323e+03 5.5398212138675595e-01
7.8200000000050052e-01 -1.6095907931885201e+03 5.7188030065832729e-01
7.8400000000050252e-01 -1.6229133501702504e+03 5.9091326970868230e-01
7.8600000000050452e-01 -1.6409018628477706e+03 6.1595271396261864e-01
7.8800000000050652e-01 -1.6534986398676529e+03 6.4361664494023141e-01
7.9000000000050852e-01 -1.6713236446784322e+03 6.7713257824992112e-01
7.9200000000051052e-01 -1.6880382971753434e+03 7.1643702848172230e-01
7.9400000000051252e-01 -1.6913605412449951e+03 7.3471285442278789e-01
7.9600000000051452e-01 -1.6955108061239937e+03 7.4587199395153791e-01
7.9800000000051652e-01 -1.7029176019458307e+03 7.6238985356025324e-01
8.0000000000051852e-01 -1.7131783399485178e+03 7.8095488903863730e-01
8.0200000000052052e-01 -1.7171587725955667e+03 7.9856397949205205e-01
8.0400000000052252e-01 -1.7171713346298702e+03 8.0426332245412402e-01
8.0600000000052452e-01 -1.7149039124792323e+03 7.9664888532314904e-01
8.0800000000052652e-01 -1.7172534881973447e+03 8.0401290496178068e-01
8.1000000000052852e-01 -1.7206047852737215e+03 8.0750485892403701e-01
8.1200000000053052e-01 -1.7203082562790730e+03 8.0711899450107893e-01
8.1400000000053252e-01 -1.7221286638208855e+03 8.1160394578330675e-01
8.1600000000053452e-01 -1.7203112990380671e+03 8.0253026844071229e-01
8.1800000000053652e-01 -1.7210777369203172e+03 8.0673444037051167e-01
8.2000000000053852e-01 -1.7279731977202437e+03 8.2230405723213451e-01
8.2200000000054052e-01 -1.7236884527995746e+03 8.1860294638542341e-01
8.2400000000054252e-01 -1.7248864907068848e+03 8.2562600142809517e-01
8.2600000000054452e-01 -1.7278861761136345e+03 8.3518882823938811e-01
8.2800000000054652e-01 -1.7216774796280583e+03 8.2373826746208567e-01
8.3000000000054852e-01 -1.7256357096986990e+03 8.3707319244455536e-01
8.3200000000055052e-01 -1.7257127435102723e+03 8.4327729165974408e-01
8.3400000000055252e-01 -1.7181774149153366e+03 8.2983876656878386e-01
8.3600000000055452e-01 -1.7232636563791611e+03 8.5296934004464786e-01
8.3800000000055652e-01 -1.7213995665532736e+03 8.5188087446209704e-01
8.4000000000055852e-01 -1.7109247882263580e+03 8.3559220407612078e-01
8.4200000000056052e-01 -1.7170305900083579e+03 8.5984651243619914e-01
8.4400000000056252e-01 -1.7134547166087768e+03 8.5482883974471890e-01
8.4600000000056452e-01 -1.7027158277863014e+03 8.4840996822328352e-01
8.4800000000056652e-01 -1.7097434187422041e+03 8.7663773398702005e-01
8.5000000000056852e-01 -1.7022506412941793e+03 8.6037799949229199e-01
8.5200000000057052e-01 -1.6939156137251489e+03 8.5907205082207683e-01
8.5400000000057252e-01 -1.7013133578863958e+03 8.9021647534316051e-01
8.5600000000057452e-01 -1.6915789778030351e+03 8.7377659644623629e-01
8.5800000000057652e-01 -1.6813212950746881e+03 8.7252615592450289e-01
8.6000000000057852e-01 -1.6924308963930152e+03 9.0356500117111960e-01
8.6200000000058052e-01 -1.6748312469068630e+03 8.7437799063321431e-01
8.6400000000058252e-01 -1.6759805063221877e+03 8.9577807605122861e-01
8.6600000000058452e-01 -1.6850731579614815e+03 9.2969311846183711e-01
8.6800000000058652e-01 -1.6610271510400289e+03 8.8304678131134162e-01
8.7000000000058852e-01 -1.6732801956011153e+03 9.2266668417174080e-01
8.7200000000059052e-01 -1.6747113501170636e+03 9.3037384939076373e-01
8.7400000000059253e-01 -1.6539880249147782e+03 9.0345610705337465e-01
8.7600000000059453e-01 -1.6721529923407306e+03 9.4789717691141795e-01
8.7800000000059653e-01 -1.6546180493993297e+03 9.2696884596422346e-01
8.8000000000059853e-01 -1.6403056267265038e+03 9.1763361208509397e-01
8.8200000000060053e-01 -1.6487355336379740e+03 9.4981910767549615e-01
8.8400000000060253e-01 -1.6207413363725243e+03 9.1840956215136649e-01
8.8600000000060453e-01 -1.6082186330439845e+03 9.2156897083561917e-01
8.8800000000060653e-01 -1.5977382269766965e+03 9.1612036610257053e-01
8.9000000000060853e-01 -1.5734248189041994e+03 8.8447291539553063e-01
8.9200000000061053e-01 -1.5563210680080597e+03 8.6904002853844509e-01
8.9400000000061253e-01 -1.5346261062096344e+03 8.2475902497524411e-01
8.9600000000061453e-01 -1.5253344900728523e+03 8.2535426399962120e-01
8.9800000000061653e-01 -1.5286073166651236e+03 8.4498306418769631e-01
9.0000000000061853e-01 -1.4922436574622413e+03 7.9280839845338158e-01
9.0200000000062053e-01 -1.4961015746485832e+03 8.0719950558974318e-01
9.0400000000062253e-01 -1.4922904805456074e+03 7.9914382613945878e-01
9.0600000000062453e-01 -1.4795786567091388e+03 7.8812630615882040e-01
9.0800000000062653e-01 -1.4853276940887383e+03 8.0815306312722568e-01
9.1000000000062853e-01 -1.4660731055467722e+03 7.6514602078786942e-01
9.1200000000063053e-01 -1.4644393865963191e+03 7.5599537246416593e-01
9.1400000000063253e-01 -1.4778306942892052e+03 7.6867113553053801e-01
9.1600000000063453e-01 -1.4662842092655249e+03 7.3698122132704025e-01
9.1800000000063653e-01 -1.4790585719827811e+03 7.7667923902714930e-01
9.2000000000063853e-01 -1.4737097020623435e+03 7.4469885820804960e-01
9.2200000000064053e-01 -1.4680496759334746e+03 7.3279161509110124e-01
9.2400000000064253e-01 -1.4904918599347438e+03 7.7056394627141644e-01
9.2600000000064453e-01 -1.4704194335840052e+03 7.1102608541015910e-01
9.2800000000064653e-01 -1.4900518261134912e+03 7.6297060946960382e-01
9.3000000000064853e-01 -1.4923865609683812e+03 7.2327260718325870e-01
9.3200000000065053e-01 -1.4889162995480551e+03 7.2500567036102304e-01
9.3400000000065253e-01 -1.5182259486837377e+03 7.5627083876010115e-01
9.3600000000065453e-01 -1.5063337176206601e+03 7.3714314947474713e-01
9.3800000000065653e-01 -1.5388566110979120e+03 7.9806347910777853e-01
9.4000000000065853e-01 -1.5400192990336486e+03 7.5418209152902205e-01
9.4200000000066053e-01 -1.5452831527340841e+03 8.0844049859407519e-01
9.4400000000066253e-01 -1.5318887884442672e+03 7.6318946871284088e-01
9.4600000000066453e-01 -1.5142848757846457e+03 7.7209549490180662e-01
9.4800000000066653e-01 -1.5285515294726608e+03 7.9264619242167922e-01
9.5000000000066853e-01 -1.4971825599692716e+03 7.6422150252429122e-01
9.5200000000067053e-01 -1.5128456320114967e+03 8.0366299706310185e-01
9.5400000000067253e-01 -1.4842323395006663e+03 7.6042995685938541e-01
9.5600000000067453e-01 -1.4914071218102613e+03 8.0667267390839159e-01
9.5800000000067653e-01 -1.4688275858875550e+03 7.6244674956272873e-01
9.6000000000067853e-01 -1.4662295518462731e+03 7.9593247668813660e-01
9.6200000000068053e-01 -1.4539662573218918e+03 7.7079790477045496e-01
9.6400000000068253e-01 -1.4431305788993068e+03 7.8224412804018773e-01
9.6600000000068453e-01 -1.4324050931935080e+03 7.7409215793709962e-01
9.6800000000068653e-01 -1.4240541238627009e+03 7.9141802686172591e-01
9.7000000000068853e-01 -1.4192552308924353e+03 8.0352152026226231e-01
9.7200000000069053e-01 -1.4096620859738982e+03 8.0492946736720605e-01
9.7400000000069253e-01 -1.4034663594918493e+03 8.2915135518991645e-01
9.7600000000069453e-01 -1.4018538313121717e+03 8.4294777966074586e-01
9.7800000000069653e-01 -1.3918280951091976e+03 8.6296661402116703e-01
9.8000000000069853e-01 -1.3870250699810397e+03 8.7861239288687476e-01
9.8200000000070053e-01 -1.3819780143719604e+03 8.8162156430900662e-01
9.8400000000070253e-01 -1.3679762032905385e+03 8.9282350634015550e-01
9.8600000000070454e-01 -1.3663597294282406e+03 8.9950911316397297e-01
9.8800000000070654e-01 -1.3555409714805253e+03 9.0989767209359040e-01
9.9000000000070854e-01 -1.3452134519792533e+03 9.1548827703291424e-01
9.9200000000071054e-01 -1.3423141905581651e+03 9.1944584600865342e-01
9.9400000000071254e-01 -1.3277526682165678e+03 9.3473645762397006e-01
9.9600000000071454e-01 -1.3263086990370255e+03 9.4217897966817143e-01
9.9800000000071654e-01 -1.3168942046308721e+03 9.4595412602705187e-01
1.0000000000007185e+00 -1.3017025288828356e+03 9.4810903009382574e-01
1.0020000000007094e+00 -1.3006934240273338e+03 9.4651149851596805e-01
1.0040000000007003e+00 -1.2892354082470051e+03 9.5895447372384046e-01
1.0060000000006912e+00 -1.2864025114767194e+03 9.5945545538591492e-01
1.0080000000006821e+00 -1.2805194773287785e+03 9.4360992366992513e-01
1.0100000000006730e+00 -1.2716778401483400e+03 9.5912939900640326e-01
1.0120000000006639e+00 -1.2699213833500976e+03 9.4862996562515955e-01
1.0140000000006548e+00 -1.2582543518407324e+03 9.4496319842664134e-01
1.0160000000006457e+00 -1.2550696669266970e+03 9.5319307065979642e-01
1.0180000000006366e+00 -1.2523524381938655e+03 9.2638566132588529e-01
1.0200000000006275e+00 -1.2452902465376931e+03 9.3204336747578909e-01
1.0220000000006184e+00 -1.2487404125316668e+03 9.2145117378370811e-01
1.0240000000006093e+00 -1.2348148381710712e+03 8.9134162556260832e-01
1.0260000000006002e+00 -1.2361265930824352e+03 9.0438074162617499e-01
1.0280000000005911e+00 -1.2312177019987150e+03 8.7289980317825988e-01
1.0300000000005820e+00 -1.2269059624720055e+03 8.6783435031106193e-01
1.0320000000005729e+00 -1.2246725138557679e+03 8.4869255265178611e-01
1.0340000000005638e+00 -1.2211394572912818e+03 8.3550627702584412e-01
1.0360000000005547e+00 -1.2246390772746713e+03 8.2088658321394448e-01
1.0380000000005456e+00 -1.2173846395405124e+03 7.9680084884398816e-01
1.0400000000005365e+00 -1.2262047197899683e+03 7.9634529873210402e-01
1.0420000000005274e+00 -1.2253711254318960e+03 7.8158109954592714e-01
1.0440000000005183e+00 -1.2313550087750084e+03 7.8742410711952515e-01
1.0460000000005092e+00 -1.2343508313197992e+03 7.5950425055456183e-01
1.0480000000005001e+00 -1.2353467753350405e+03 7.4288779486630430e-01
1.0500000000004910e+00 -1.2424491677485209e+03 7.2943899462866701e-01
1.0520000000004819e+00 -1.2425260957148205e+03 6.9949977047141798e-01
1.0540000000004728e+00 -1.2548150663001777e+03 6.9160888637108409e-01
1.0560000000004637e+00 -1.2577233863720110e+03 6.6845686338723354e-01
1.0580000000004546e+00 -1.2662683444437193e+03 6.5574499424433119e-01
1.0600000000004455e+00 -1.2765215954594914e+03 6.3910391445502579e-01
1.0620000000004364e+00 -1.2794017719152191e+03 6.1549933619647157e-01
1.0640000000004273e+00 -1.2935245369751174e+03 6.0690318648426733e-01
1.0660000000004182e+00 -1.3003199766913160e+03 5.7888450591084251e-01
1.0680000000004091e+00 -1.3104508637900642e+03 5.6652344006503208e-01
1.0700000000004000e+00 -1.3224382448364120e+03 5.5155398524039900e-01
1.0720000000003909e+00 -1.3307050534391276e+03 5.3059644375839565e-01
1.0740000000003818e+00 -1.3444995806365007e+03 5.1947684755087198e-01
1.0760000000003727e+00 -1.3538180797611919e+03 4.9885333035999513e-01
1.0780000000003636e+00 -1.3650703510159174e+03 4.8613724991921781e-01
1.0800000000003545e+00 -1.3786487292686902e+03 4.6810145264273556e-01
1.0820000000003454e+00 -1.3898930872682902e+03 4.5147717229656736e-01
1.0840000000003363e+00 -1.4029777018840530e+03 4.3842260657793153e-01
1.0860000000003271e+00 -1.4163272808172892e+03 4.1966170757646354e-01
1.0880000000003180e+00 -1.4319477996493242e+03 4.0943007960643318e-01
1.0900000000003089e+00 -1.4442171295006297e+03 4.0133498931579492e-01
1.0920000000002998e+00 -1.4536571396112413e+03 3.9261792832467496e-01
1.0940000000002907e+00 -1.4632665443258884e+03 3.8200153340888016e-01
1.0960000000002816e+00 -1.4725999858142618e+03 3.7695066113160003e-01
1.0980000000002725e+00 -1.4791620619006524e+03 3.7127990639417358e-01
1.1000000000002634e+00 -1.4875898336540097e+03 3.6038590222949024e-01
1.1020000000002543e+00 -1.4936069222692461e+03 3.5195354350065433e-01
1.1040000000002452e+00 -1.4994243739713224e+03 3.4861059737888223e-01
1.1060000000002361e+00 -1.5077063665906580e+03 3.3915501649657526e-01
1.1080000000002270e+00 -1.5137158148837923e+03 3.3148845614071459e-01
1.1100000000002179e+00 -1.5209885396528257e+03 3.3501234534618118e-01
1.1120000000002088e+00 -1.5308341083734613e+03 3.2912012025280146e-01
1.1140000000001997e+00 -1.5373932958168878e+03 3.1769340727412593e-01
1.1160000000001906e+00 -1.5426912515614633e+03 3.1970708188236857e-01
1.1180000000001815e+00 -1.5500035001912295e+03 3.1676384245625117e-01
1.1200000000001724e+00 -1.5588130078784232e+03 3.0363841662812235e-01
1.1220000000001633e+00 -1.5651764812105575e+03 3.0668853714999794e-01
1.1240000000001542e+00 -1.5727107002330965e+03 3.1567433783157117e-01
1.1260000000001451e+00 -1.5852862904932033e+03 3.1171596775673605e-01
1.1280000000001360e+00 -1.5926229002811592e+03 3.1016835117599134e-01
1.1300000000001269e+00 -1.5985959351799700e+03 3.2123481753500782e-01
1.1320000000001178e+00 -1.6084101163362420e+03 3.2162029307324591e-01
1.1340000000001087e+00 -1.6175288118701685e+03 3.1911331937311999e-01
1.1360000000000996e+00 -1.6241077880859427e+03 3.2643539416274336e-01
1.1380000000000905e+00 -1.6317699801608119e+03 3.3628378186967328e-01
1.1400000000000814e+00 -1.6423989765471324e+03 3.3518954840455578e-01
1.1420000000000723e+00 -1.6486294969454827e+03 3.3386810518124699e-01
1.1440000000000632e+00 -1.6517527411307315e+03 3.4313663258464233e-01
1.1460000000000541e+00 -1.6588162262934361e+03 3.4817621650000158e-01
1.1480000000000450e+00 -1.6691187665837335e+03 3.4608249007025149e-01
1.1500000000000359e+00 -1.6755289660178994e+03 3.4819631530815154e-01
1.1520000000000268e+00 -1.6793184175912929e+03 3.6217586069169772e-01
1.1540000000000177e+00 -1.6869663425282356e+03 3.6363888459667115e-01
1.1560000000000086e+00 -1.6953708534501063e+03 3.5914335761096711e-01
1.1579999999999995e+00 -1.6995656073518148e+03 3.6793652190854337e-01
1.1599999999999904e+00 -1.7025073044618928e+03 3.8125219851179371e-01
1.1619999999999813e+00 -1.7120712894934813e+03 3.7907242140932623e-01
1.1639999999999722e+00 -1.7184412370709688e+03 3.7871062949502016e-01
1.1659999999999631e+00 -1.7209440432309152e+03 3.9103314096469710e-01
1.1679999999999540e+00 -1.7244008680015713e+03 3.9866882777401386e-01
1.1699999999999449e+00 -1.7318135067596270e+03 3.9598924966808952e-01
1.1719999999999358e+00 -1.7367898620482536e+03 4.0070422061048394e-01
1.1739999999999267e+00 -1.7390768453246103e+03 4.1377203881382901e-01
1.1759999999999176e+00 -1.7446521983983482e+03 4.1706199149182688e-01
1.1779999999999085e+00 -1.7481831452867741e+03 4.1548045758467611e-01
1.1799999999998994e+00 -1.7501005145059696e+03 4.2396015179066932e-01
1.1819999999998902e+00 -1.7539350999445955e+03 4.3316364611871455e-01
1.1839999999998811e+00 -1.7598560115706773e+03 4.3638917469611710e-01
1.1859999999998720e+00 -1.7623612350319552e+03 4.4084311605428217e-01
1.1879999999998629e+00 -1.7633657619262326e+03 4.5105318213755208e-01
1.1899999999998538e+00 -1.7664198812562204e+03 4.5447068165190035e-01
1.1919999999998447e+00 -1.7692724354151781e+03 4.5693610406168528e-01
1.1939999999998356e+00 -1.7701242546322790e+03 4.6432545903510258e-01
1.1959999999998265e+00 -1.7711808620140494e+03 4.7209953047150965e-01
1.1979999999998174e+00 -1.7723124569110391e+03 4.7309541729447618e-01
1.1999999999998083e+00 -1.7723968901487337e+03 4.7616992737755809e-01
1.2019999999997992e+00 -1.7731389351535263e+03 4.8418710592130004e-01
1.2039999999997901e+00 -1.7757932090176948e+03 4.8932758686795763e-01
1.2059999999997810e+00 -1.7761874548687604e+03 4.9228935628043935e-01
1.2079999999997719e+00 -1.7753463053761968e+03 4.9925546279869143e-01
1.2099999999997628e+00 -1.7759428082938377e+03 5.0418725229061323e-01
1.2119999999997537e+00 -1.7768543252685640e+03 5.0447356233121754e-01
1.2139999999997446e+00 -1.7758279901919500e+03 5.0987849238284344e-01
1.2159999999997355e+00 -1.7748387677246196e+03 5.1725647089921145e-01
1.2179999999997264e+00 -1.7751892548452711e+03 5.1758914521823152e-01
1.2199999999997173e+00 -1.7736169032731818e+03 5.1948777876325503e-01
1.2219999999997082e+00 -1.7729830297149015e+03 5.2708840872552076e-01
1.2239999999996991e+00 -1.7731303404779521e+03 5.3108577723765504e-01
1.2259999999996900e+00 -1.7716598310832005e+03 5.3288144381400970e-01
1.2279999999996809e+00 -1.7705014945822484e+03 5.3866189584270097e-01
1.2299999999996718e+00 -1.7714887477374236e+03 5.4238060888998796e-01
1.2319999999996627e+00 -1.7700099099218003e+03 5.4321865014048665e-01
1.2339999999996536e+00 -1.7680232472635523e+03 5.5067360476576832e-01
1.2359999999996445e+00 -1.7691837148211221e+03 5.5577316262197796e-01
1.2379999999996354e+00 -1.7687652031649247e+03 5.5688985899477506e-01
1.2399999999996263e+00 -1.7670230768143342e+03 5.6466199200375411e-01
1.2419999999996172e+00 -1.7672071199016696e+03 5.6890366659247782e-01
1.2439999999996081e+00 -1.7666168889297710e+03 5.7042804623309329e-01
1.2459999999995990e+00 -1.7622068426429889e+03 5.7541354808428524e-01
1.2479999999995899e+00 -1.7632240907798232e+03 5.7959451784434179e-01
1.2499999999995808e+00 -1.7639357772033675e+03 5.8216036498019841e-01
1.2519999999995717e+00 -1.7605655762363735e+03 5.9024134421977514e-01
1.2539999999995626e+00 -1.7603303727388645e+03 5.9347870428026939e-01
1.2559999999995535e+00 -1.7608520977366743e+03 5.9619217071885755e-01
1.2579999999995444e+00 -1.7583443679462866e+03 6.0494031539879101e-01
1.2599999999995353e+00 -1.7575507284942505e+03 6.0765432855738610e-01
1.2619999999995262e+00 -1.7581503961585636e+03 6.1056488320872326e-01
1.2639999999995171e+00 -1.7545493867000416e+03 6.1891758340634184e-01
1.2659999999995080e+00 -1.7544816333737276e+03 6.2154086519465956e-01
1.2679999999994989e+00 -1.7539909687055160e+03 6.2442584977194460e-01
1.2699999999994898e+00 -1.7518871240207993e+03 6.3445981923993000e-01
1.2719999999994807e+00 -1.7512663454328253e+03 6.3638473262066286e-01
1.2739999999994716e+00 -1.7487401728430636e+03 6.3572370680155066e-01
1.2759999999994625e+00 -1.7465229594480361e+03 6.4560372033860403e-01
1.2779999999994534e+00 -1.7471908902481534e+03 6.4775554108803912e-01
1.2799999999994442e+00 -1.7448165126438473e+03 6.4841425142920661e-01
1.2819999999994351e+00 -1.7426673137074270e+03 6.5915227181421776e-01
1.2839999999994260e+00 -1.7433777911264347e+03 6.5957291471980684e-01
1.2859999999994169e+00 -1.7401825904856464e+03 6.6027839529087529e-01
1.2879999999994078e+00 -1.7399930428799339e+03 6.7436031202743496e-01
1.2899999999993987e+00 -1.7394584599780194e+03 6.7307495354261349e-01
1.2919999999993896e+00 -1.7348003242091204e+03 6.7258035275477535e-01
1.2939999999993805e+00 -1.7346079938447367e+03 6.8714318764491822e-01
1.2959999999993714e+00 -1.7343431058595595e+03 6.8500519882673327e-01
1.2979999999993623e+00 -1.7313783751399778e+03 6.8952920966614861e-01
1.2999999999993532e+00 -1.7299529290274172e+03 7.0320684050085114e-01
1.3019999999993441e+00 -1.7315037420387123e+03 7.0227375550380855e-01
1.3039999999993350e+00 -1.7282848981905174e+03 7.1088598488288368e-01
1.3059999999993259e+00 -1.7264984686286084e+03 7.2009033904670883e-01
1.3079999999993168e+00 -1.7290188181626454e+03 7.2235842606917511e-01
1.3099999999993077e+00 -1.7259539657034163e+03 7.3461521236176242e-01
1.3119999999992986e+00 -1.7262256562630600e+03 7.3751800034727510e-01
1.3139999999992895e+00 -1.7245196283390960e+03 7.4061330883260179e-01
1.3159999999992804e+00 -1.7249282566618515e+03 7.5293663783172948e-01
1.3179999999992713e+00 -1.7279236752240299e+03 7.5292142177098298e-01
1.3199999999992622e+00 -1.7209467253323044e+03 7.5783167671427121e-01
1.3219999999992531e+00 -1.7280138566866128e+03 7.6754135405504242e-01
1.3239999999992440e+00 -1.7238404917288847e+03 7.7181546422554603e-01
1.3259999999992349e+00 -1.7277436128025777e+03 7.8153622167510661e-01
1.3279999999992258e+00 -1.7325215031013950e+03 7.8921987625929702e-01
1.3299999999992167e+00 -1.7211055846737756e+03 7.9495907458998449e-01
1.3319999999992076e+00 -1.7367736382965070e+03 8.1061628863235002e-01
1.3339999999991985e+00 -1.7252346237978704e+03 8.1427834461557136e-01
1.3359999999991894e+00 -1.7358196462446440e+03 8.3191718371757728e-01
1.3379999999991803e+00 -1.7359385318426221e+03 8.3681525871783735e-01
1.3399999999991712e+00 -1.7312359114969306e+03 8.5047244395834509e-01
1.3419999999991621e+00 -1.7438893403751558e+03 8.6321115734655651e-01
1.3439999999991530e+00 -1.7299422203243930e+03 8.6653279477272482e-01
1.3459999999991439e+00 -1.7454876471571470e+03 8.8886666048939289e-01
1.3479999999991348e+00 -1.7369974438572776e+03 8.8417310524171810e-01
1.3499999999991257e+00 -1.7408062652167675e+03 9.0538005380846032e-01
1.3519999999991166e+00 -1.7471983902255247e+03 9.0983435344181485e-01
1.3539999999991075e+00 -1.7355648540781060e+03 9.1849124707800411e-01
1.3559999999990984e+00 -1.7518562697648670e+03 9.3539185851422535e-01
1.3579999999990893e+00 -1.7379857298492468e+03 9.3191271745559878e-01
1.3599999999990802e+00 -1.7497083553339135e+03 9.5463617717878002e-01
1.3619999999990711e+00 -1.7475078293582462e+03 9.5156063595795826e-01
1.3639999999990620e+00 -1.7431203776278135e+03 9.6601094492208706e-01
1.3659999999990529e+00 -1.7556902956649153e+03 9.6191858607941438e-01
1.3679999999990438e+00 -1.7655710268293819e+03 1.1412140159210431e+00
1.3699999999990347e+00 -1.7813533130247831e+03 9.8952751997976385e-01
1.3719999999990256e+00 -1.7507368528447880e+03 9.4217041262003676e-01
1.3739999999990165e+00 -1.7181297778520768e+03 9.8258762136283173e-01
1.3759999999990074e+00 -1.7659226417198067e+03 1.0285447802738956e+00
1.3779999999989982e+00 -1.7274679963305973e+03 9.7585101717805478e-01
1.3799999999989891e+00 -1.7287505893739387e+03 9.9789345483205338e-01
1.3819999999989800e+00 -1.7290023013153589e+03 1.0080718519250478e+00
1.3839999999989709e+00 -1.7336671844747373e+03 1.0139217375529703e+00
1.3859999999989618e+00 -1.7307849395421724e+03 1.0238207364246277e+00
1.3879999999989527e+00 -1.7021093942483742e+03 9.9949242841522423e-01
1.3899999999989436e+00 -1.7296802487622901e+03 1.0379994956316902e+00
1.3919999999989345e+00 -1.7095426380688123e+03 1.0148288494938820e+00
1.3939999999989254e+00 -1.7027365925937861e+03 1.0303045209432871e+00
1.3959999999989163e+00 -1.7262255620377127e+03 1.0461677441665214e+00
1.3979999999989072e+00 -1.7014863112014377e+03 1.0313896687691040e+00
1.3999999999988981e+00 -1.7079785187257630e+03 1.0431967810752676e+00
1.4019999999988890e+00 -1.7127405223397357e+03 1.0560817545895063e+00
1.4039999999988799e+00 -1.7044165113960548e+03 1.0569380919869502e+00
1.4059999999988708e+00 -1.7051921287938571e+03 1.0688315139086206e+00
1.4079999999988617e+00 -1.7013339562387164e+03 1.0689332813939794e+00
1.4099999999988526e+00 -1.7076489614900236e+03 1.0824740767561534e+00
1.4119999999988435e+00 -1.6966990077647074e+03 1.0803261283166081e+00
1.4139999999988344e+00 -1.6980307039090624e+03 1.0863985166992278e+00
1.4159999999988253e+00 -1.7047491331690060e+03 1.0953654601611500e+00
1.4179999999988162e+00 -1.6876606015665050e+03 1.0915688279761335e+00
1.4199999999988071e+00 -1.6991885869137541e+03 1.1059374643631730e+00
1.4219999999987980e+00 -1.6966977937702345e+03 1.1079886049571639e+00
1.4239999999987889e+00 -1.6873498835059331e+03 1.1117931558031120e+00
1.4259999999987798e+00 -1.6963177249712469e+03 1.1209366657444402e+00
1.4279999999987707e+00 -1.6910893110911416e+03 1.1207365162114580e+00
1.4299999999987616e+00 -1.6865311469899018e+03 1.1282343826271028e+00
1.4319999999987525e+00 -1.6899810431110482e+03 1.1325632627863977e+00
1.4339999999987434e+00 -1.6888713561662303e+03 1.1389822483785390e+00
1.4359999999987343e+00 -1.6825958564494019e+03 1.1416613599434620e+00
1.4379999999987252e+00 -1.6853699319905204e+03 1.1464821279107971e+00
1.4399999999987161e+00 -1.6850321783095703e+03 1.1541565905478652e+00
1.4419999999987070e+00 -1.6785888928499098e+03 1.1537727196484604e+00
1.4439999999986979e+00 -1.6826377695503847e+03 1.1622111353395308e+00
1.4459999999986888e+00 -1.6800909788924566e+03 1.1650268106916255e+00
1.4479999999986797e+00 -1.6757368951041888e+03 1.1678512081402959e+00
1.4499999999986706e+00 -1.6793727518524663e+03 1.1747404675711115e+00
1.4519999999986615e+00 -1.6757906579128244e+03 1.1773599755390141e+00
1.4539999999986524e+00 -1.6734854543938711e+03 1.1813291547369076e+00
1.4559999999986433e+00 -1.6755621574701331e+03 1.1863895290500774e+00
1.4579999999986342e+00 -1.6724816221055542e+03 1.1901383670547236e+00
1.4599999999986251e+00 -1.6710040713431429e+03 1.1930714683585677e+00
1.4619999999986160e+00 -1.6723244523055341e+03 1.1979441372108812e+00
1.4639999999986069e+00 -1.6693655563075974e+03 1.2015937334213529e+00
1.4659999999985978e+00 -1.6683045358592015e+03 1.2042982141942640e+00
1.4679999999985887e+00 -1.6696516272629551e+03 1.2094949071214880e+00
1.4699999999985796e+00 -1.6662167334274945e+03 1.2121025961281822e+00
1.4719999999985705e+00 -1.6658215259745698e+03 1.2155621514227430e+00
1.4739999999985613e+00 -1.6666967600961500e+03 1.2196784688546862e+00
1.4759999999985522e+00 -1.6634076730422832e+03 1.2225691892103441e+00
1.4779999999985431e+00 -1.6632971855985099e+03 1.2257312873351836e+00
1.4799999999985340e+00 -1.6639830096941535e+03 1.2294544335824269e+00
1.4819999999985249e+00 -1.6609860104358052e+03 1.2324174158190551e+00
1.4839999999985158e+00 -1.6608733360490912e+03 1.2352873312589343e+00
1.4859999999985067e+00 -1.6616980323422179e+03 1.2390909612683358e+00
1.4879999999984976e+00 -1.6586159965513036e+03 1.2414565103093391e+00
1.4899999999984885e+00 -1.6587861530185303e+03 1.2445835003385401e+00
1.4919999999984794e+00 -1.6594024543321252e+03 1.2479620946573557e+00
1.4939999999984703e+00 -1.6564368323304452e+03 1.2501843854867096e+00
1.4959999999984612e+00 -1.6568322347704354e+03 1.2533767319500977e+00
1.4979999999984521e+00 -1.6572132269831693e+03 1.2565990597127352e+00
1.4999999999984430e+00 -1.6545974824290272e+03 1.2586978578615871e+00
1.5019999999984339e+00 -1.6550070489814941e+03 1.2617745792665631e+00
1.5039999999984248e+00 -1.6552984060467006e+03 1.2649990477125630e+00
1.5059999999984157e+00 -1.6528603134464888e+03 1.2667689181740285e+00
1.5079999999984066e+00 -1.6535082732632061e+03 1.2699580984164440e+00
1.5099999999983975e+00 -1.6535370329935906e+03 1.2729881926726856e+00
1.5119999999983884e+00 -1.6513926324618401e+03 1.2747824792236837e+00
1.5139999999983793e+00 -1.6523542759813831e+03 1.2783518120042145e+00
1.5159999999983702e+00 -1.6519141035726902e+03 1.2810351448772779e+00
1.5179999999983611e+00 -1.6502761299135561e+03 1.2829538157907696e+00
1.5199999999983520e+00 -1.6512806503389245e+03 1.2865800157165219e+00
1.5219999999983429e+00 -1.6504559987095929e+03 1.2889983667800577e+00
1.5239999999983338e+00 -1.6494190528694157e+03 1.2911915311023210e+00
1.5259999999983247e+00 -1.6502158640289047e+03 1.2946397565690040e+00
1.5279999999983156e+00 -1.6491405926128932e+03 1.2969294693116109e+00
1.5299999999983065e+00 -1.6485472789613057e+03 1.2991191821712818e+00
1.5319999999982974e+00 -1.6491343532337492e+03 1.3025416894553252e+00
1.5339999999982883e+00 -1.6479231557226196e+03 1.3044844053080076e+00
1.5359999999982792e+00 -1.6478430795032107e+03 1.3070916799392338e+00
1.5379999999982701e+00 -1.6480155055302339e+03 1.3100457615852759e+00
1.5399999999982610e+00 -1.6469747807583960e+03 1.3119463053868663e+00
1.5419999999982519e+00 -1.6471234728217930e+03 1.3147971026479310e+00
1.5439999999982428e+00 -1.6469101598593925e+03 1.3173256463241891e+00
1.5459999999982337e+00 -1.6462237302145447e+03 1.3195472813164790e+00
1.5479999999982246e+00 -1.6462337509049264e+03 1.3221749708439834e+00
1.5499999999982155e+00 -1.6458652934907925e+03 1.3245254000217663e+00
1.5519999999982064e+00 -1.6454559003602242e+03 1.3267981904350270e+00
1.5539999999981973e+00 -1.6452233718100770e+03 1.3290052026604480e+00
1.5559999999981882e+00 -1.6448974280711586e+03 1.3311945287877349e+00
1.5579999999981791e+00 -1.6444614071734345e+03 1.3333305346127422e+00
1.5599999999981700e+00 -1.6441732754547734e+03 1.3354324525396206e+00
1.5619999999981609e+00 -1.6438813364790622e+03 1.3374895668696216e+00
1.5639999999981518e+00 -1.6433893621743769e+03 1.3395063913452825e+00
1.5659999999981427e+00 -1.6430763469214016e+03 1.3414006365282964e+00
1.5679999999981336e+00 -1.6427394245922987e+03 1.3433996464798779e+00
1.5699999999981245e+00 -1.6421418372932787e+03 1.3451686461125720e+00
1.5719999999981153e+00 -1.6418628335262315e+03 1.3470751339401854e+00
1.5739999999981062e+00 -1.6414464086865951e+03 1.3489973377466695e+00
1.5759999999980971e+00 -1.6408543843915029e+03 1.3507226777971573e+00
1.5779999999980880e+00 -1.6406325158817165e+03 1.3525790841892937e+00
1.5799999999980789e+00 -1.6401354504062040e+03 1.3542957187448574e+00
1.5819999999980698e+00 -1.6396391969569424e+03 1.3560876915741162e+00
1.5839999999980607e+00 -1.6392891663481150e+03 1.3578712669335715e+00
1.5859999999980516e+00 -1.6387661749516044e+03 1.3595356679742989e+00
1.5879999999980425e+00 -1.6382274650822224e+03 1.3611927276926181e+00
1.5899999999980334e+00 -1.6378774707702050e+03 1.3628969830062434e+00
1.5919999999980243e+00 -1.6372070179945963e+03 1.3645434706415609e+00
1.5939999999980152e+00 -1.6366446358935987e+03 1.3661404130090751e+00
1.5959999999980061e+00 -1.6360706865001134e+03 1.3676492110355847e+00
1.5979999999979970e+00 -1.6353519812687075e+03 1.3692610053411356e+00
1.5999999999979879e+00 -1.6346970413358267e+03 1.3708894205732709e+00
1.6019999999979788e+00 -1.6340539574186721e+03 1.3724095622588615e+00
1.6039999999979697e+00 -1.6332595320350204e+03 1.3738088148573002e+00
1.6059999999979606e+00 -1.6326254681522362e+03 1.3751277647337830e+00
1.6079999999979515e+00 -1.6318116316246587e+03 1.3763638358100956e+00
1.6099999999979424e+00 -1.6309568382463442e+03 1.3776920513555084e+00
1.6119999999979333e+00 -1.6301650597511052e+03 1.3786799991849112e+00
1.6139999999979242e+00 -1.6293148349813912e+03 1.3795706009729038e+00
1.6159999999979151e+00 -1.6285538875164548e+03 1.3804099860825016e+00
1.6179999999979060e+00 -1.6276038290773913e+03 1.3812628451650646e+00
1.6199999999978969e+00 -1.6267049814572031e+03 1.3823254963809777e+00
1.6219999999978878e+00 -1.6257706803636102e+03 1.3832641513713355e+00
1.6239999999978787e+00 -1.6248483095039385e+03 1.3837648196500769e+00
1.6259999999978696e+00 -1.6241640186886486e+03 1.3843354309146749e+00
1.6279999999978605e+00 -1.6231028751233309e+03 1.3848406315070489e+00
1.6299999999978514e+00 -1.6220413606177115e+03 1.3853392030718692e+00
1.6319999999978423e+00 -1.6210414334553211e+03 1.3854570089036908e+00
1.6339999999978332e+00 -1.6201700198918195e+03 1.3856883666878963e+00
1.6359999999978241e+00 -1.6192909585628493e+03 1.3854649692505572e+00
1.6379999999978150e+00 -1.6186780691899478e+03 1.3857196627715362e+00
1.6399999999978059e+00 -1.6178434487962666e+03 1.3853139645719346e+00
1.6419999999977968e+00 -1.6172128158472244e+03 1.3851216717558748e+00
1.6439999999977877e+00 -1.6165893382289037e+03 1.3848616859596983e+00
1.6459999999977786e+00 -1.6162258899304638e+03 1.3842453969072692e+00
1.6479999999977695e+00 -1.6160926886405998e+03 1.3823134105653319e+00
1.6499999999977604e+00 -1.6164052076487258e+03 1.3798675114279590e+00
1.6519999999977513e+00 -1.6171883136693386e+03 1.3774541579795516e+00
1.6539999999977422e+00 -1.6181243015749526e+03 1.3747670217975811e+00
1.6559999999977331e+00 -1.6194246286038592e+03 1.3727304177610211e+00
1.6579999999977240e+00 -1.6201519544038697e+03 1.3711298529854477e+00
1.6599999999977149e+00 -1.6183642164097269e+03 1.3674319429399329e+00
1.6619999999977058e+00 -1.6168336919772021e+03 1.3630919060572231e+00
1.6639999999976967e+00 -1.6155712799745181e+03 1.3583168754416470e+00
1.6659999999976876e+00 -1.6143519877727417e+03 1.3532464819442458e+00
1.6679999999976785e+00 -1.6132990463282072e+03 1.3484049722435039e+00
1.6699999999976693e+00 -1.6123528564315270e+03 1.3437828736290502e+00
1.6719999999976602e+00 -1.6113239451311881e+03 1.3389014550650153e+00
1.6739999999976511e+00 -1.6105941683767112e+03 1.3341586155657601e+00
1.6759999999976420e+00 -1.6099851421415633e+03 1.3296901358892677e+00
1.6779999999976329e+00 -1.6096016005070387e+03 1.3257425137908763e+00
1.6799999999976238e+00 -1.6093751130324588e+03 1.3221087189837470e+00
1.6819999999976147e+00 -1.6093526325542557e+03 1.3196548177324561e+00
1.6839999999976056e+00 -1.6093337145463511e+03 1.3190284756431334e+00
1.6859999999975965e+00 -1.6092482396413504e+03 1.3187392876193187e+00
1.6879999999975874e+00 -1.6089666884743474e+03 1.3189108185594525e+00
1.6899999999975783e+00 -1.6086852651948179e+03 1.3193955084991669e+00
1.6919999999975692e+00 -1.6077399800968906e+03 1.3189980354542439e+00
1.6939999999975601e+00 -1.6068934752515513e+03 1.3185101334642171e+00
1.6959999999975510e+00 -1.6059256386055374e+03 1.3176765037769089e+00
1.6979999999975419e+00 -1.6050909928163207e+03 1.3169428690477700e+00
1.6999999999975328e+00 -1.6043181165910369e+03 1.3162289357720787e+00
1.7019999999975237e+00 -1.6035577396137044e+03 1.3153911731398158e+00
1.7039999999975146e+00 -1.6028587807237416e+03 1.3147251372879423e+00
1.7059999999975055e+00 -1.6022139744726014e+03 1.3139560824232013e+00
1.7079999999974964e+00 -1.6015478849727433e+03 1.3132280809693155e+00
1.7099999999974873e+00 -1.6009150571194598e+03 1.3124959026083443e+00
1.7119999999974782e+00 -1.6002381009234334e+03 1.3114742958102692e+00
1.7139999999974691e+00 -1.5996240106822024e+03 1.3107591707403843e+00
1.7159999999974600e+00 -1.5989761040900926e+03 1.3097747119909584e+00
1.7179999999974509e+00 -1.5983967842987897e+03 1.3090186997706308e+00
1.7199999999974418e+00 -1.5978074778401108e+03 1.3080500056381421e+00
1.7219999999974327e+00 -1.5972946382517289e+03 1.3073150805749254e+00
1.7239999999974236e+00 -1.5967559521527253e+03 1.3065033916537530e+00
1.7259999999974145e+00 -1.5962689056815666e+03 1.3057683790935317e+00
1.7279999999974054e+00 -1.5957413848634569e+03 1.3049426898152905e+00
1.7299999999973963e+00 -1.5952770707694558e+03 1.3042735163951014e+00
1.7319999999973872e+00 -1.5947861750010688e+03 1.3035026021724887e+00
1.7339999999973781e+00 -1.5942778026349160e+03 1.3028355716259288e+00
1.7359999999973690e+00 -1.5938215990883559e+03 1.3020600303788599e+00
1.7379999999973599e+00 -1.5931917854595397e+03 1.3008721558181287e+00
1.7399999999973508e+00 -1.5926129560279071e+03 1.2995953344124453e+00
1.7419999999973417e+00 -1.5920412872214160e+03 1.2982129513443157e+00
1.7439999999973326e+00 -1.5916061061581911e+03 1.2970941013980797e+00
1.7459999999973235e+00 -1.5911303686531296e+03 1.2961399598724137e+00
1.7479999999973144e+00 -1.5907873117765796e+03 1.2954041471882600e+00
1.7499999999973053e+00 -1.5905360546441077e+03 1.2952464826005283e+00
1.7519999999972962e+00 -1.5903112391658497e+03 1.2954309378759834e+00
1.7539999999972871e+00 -1.5900433956162040e+03 1.2954058636996675e+00
1.7559999999972780e+00 -1.5896757371833983e+03 1.2951764158777241e+00
1.7579999999972689e+00 -1.5893958888703587e+03 1.2952742940215065e+00
1.7599999999972598e+00 -1.5889884398830313e+03 1.2952638776147916e+00
1.7619999999972507e+00 -1.5886212944232359e+03 1.2952682114734348e+00
1.7639999999972416e+00 -1.5882540161108966e+03 1.2951649590922258e+00
1.7659999999972325e+00 -1.5879620690489362e+03 1.2954292171690467e+00
1.7679999999972233e+00 -1.5875912549177938e+03 1.2954852914912256e+00
1.7699999999972142e+00 -1.5872068235797460e+03 1.2954217601490781e+00
1.7719999999972051e+00 -1.5869132685414882e+03 1.2955656251021839e+00
1.7739999999971960e+00 -1.5865309095614371e+03 1.2956053776906171e+00
1.7759999999971869e+00 -1.5862146936342001e+03 1.2957604239209379e+00
1.7779999999971778e+00 -1.5858204473148339e+03 1.2956914936714419e+00
1.7799999999971687e+00 -1.5855097488204271e+03 1.2958114130738183e+00
1.7819999999971596e+00 -1.5851650335691236e+03 1.2958909198624204e+00
1.7839999999971505e+00 -1.5847995942984630e+03 1.2958598661639251e+00
1.7859999999971414e+00 -1.5844722623260541e+03 1.2958602591297521e+00
1.7879999999971323e+00 -1.5840921536988797e+03 1.2958461098589782e+00
1.7899999999971232e+00 -1.5837748069772520e+03 1.2958571185420915e+00
1.7919999999971141e+00 -1.5834194297269621e+03 1.2957794743922491e+00
1.7939999999971050e+00 -1.5830945756549988e+03 1.2957670430600019e+00
1.7959999999970959e+00 -1.5827629046293562e+03 1.2957593958125260e+00
1.7979999999970868e+00 -1.5824705766852119e+03 1.2958357418927076e+00
1.7999999999970777e+00 -1.5821489457408179e+03 1.2957984465487218e+00
1.8019999999970686e+00 -1.5818201480371874e+03 1.2958554942970646e+00
1.8039999999970595e+00 -1.5815062759674379e+03 1.2957477252785810e+00
1.8059999999970504e+00 -1.5812155751225644e+03 1.2957340637225796e+00
1.8079999999970413e+00 -1.5809508022527348e+03 1.2958594265959369e+00
1.8099999999970322e+00 -1.5806123707935424e+03 1.2958363087360711e+00
1.8119999999970231e+00 -1.5803541369192435e+03 1.2958223398492608e+00
1.8139999999970140e+00 -1.5800899253354223e+03 1.2959284526344645e+00
1.8159999999970049e+00 -1.5798126603349244e+03 1.2960770600635796e+00
1.8179999999969958e+00 -1.5795092871080969e+03 1.2960689951581084e+00
1.8199999999969867e+00 -1.5792697730177977e+03 1.2961397504656726e+00
1.8219999999969776e+00 -1.5790298874786524e+03 1.2963687924355134e+00
1.8239999999969685e+00 -1.5787219660224182e+03 1.2964883062591688e+00
1.8259999999969594e+00 -1.5784799898968295e+03 1.2965319148611536e+00
1.8279999999969503e+00 -1.5782612351843518e+03 1.2967234641380818e+00
1.8299999999969412e+00 -1.5780035877162991e+03 1.2970303640903311e+00
1.8319999999969321e+00 -1.5777061770996572e+03 1.2970768530050238e+00
1.8339999999969230e+00 -1.5774900127835747e+03 1.2971577970724339e+00
1.8359999999969139e+00 -1.5772756515229166e+03 1.2974951367197882e+00
1.8379999999969048e+00 -1.5770100184390215e+03 1.2977663043599046e+00
1.8399999999968957e+00 -1.5767603550215049e+03 1.2978488674358815e+00
1.8419999999968866e+00 -1.5765624500480949e+03 1.2981147499256362e+00
1.8439999999968775e+00 -1.5763352644206529e+03 1.2985457942432541e+00
1.8459999999968684e+00 -1.5760579339334470e+03 1.2987339632954076e+00
1.8479999999968593e+00 -1.5758302819500359e+03 1.2988599337111966e+00
1.8499999999968502e+00 -1.5756482895771674e+03 1.2992831353326850e+00
1.8519999999968411e+00 -1.5753781905653855e+03 1.2996602802067183e+00
1.8539999999968320e+00 -1.5751053320315955e+03 1.2997512026175173e+00
1.8559999999968229e+00 -1.5748891552774141e+03 1.2999104333660709e+00
1.8579999999968138e+00 -1.5746975096502531e+03 1.3004170178150007e+00
1.8599999999968047e+00 -1.5744150500636156e+03 1.3006765657945347e+00
1.8619999999967956e+00 -1.5741665243271952e+03 1.3007456952530869e+00
1.8639999999967864e+00 -1.5739912536365537e+03 1.3010926498687032e+00
1.8659999999967773e+00 -1.5737549847242010e+03 1.3015573311199913e+00
1.8679999999967682e+00 -1.5734802900213713e+03 1.3016737500629736e+00
1.8699999999967591e+00 -1.5732733070752620e+03 1.3018498123461830e+00
1.8719999999967500e+00 -1.5731038624594512e+03 1.3024241841205610e+00
1.8739999999967409e+00 -1.5728227988497563e+03 1.3027018339546761e+00
1.8759999999967318e+00 -1.5725937966632496e+03 1.3028574337602785e+00
1.8779999999967227e+00 -1.5724138656898667e+03 1.3033486260472609e+00
1.8799999999967136e+00 -1.5721807507206795e+03 1.3038498151937796e+00
1.8819999999967045e+00 -1.5719034285174091e+03 1.3039669730677914e+00
1.8839999999966954e+00 -1.5717280118166084e+03 1.3043475943555503e+00
1.8859999999966863e+00 -1.5715272126036978e+03 1.3049465317869271e+00
1.8879999999966772e+00 -1.5712560257544842e+03 1.3052585451564904e+00
1.8899999999966681e+00 -1.5710463751489383e+03 1.3056001701416342e+00
1.8919999999966590e+00 -1.5708535228909288e+03 1.3061346836962544e+00
1.8939999999966499e+00 -1.5706276993540512e+03 1.3066787009638376e+00
1.8959999999966408e+00 -1.5703677222569684e+03 1.3069695277503479e+00
1.8979999999966317e+00 -1.5701577075827197e+03 1.3074391885608891e+00
1.8999999999966226e+00 -1.5699418614470958e+03 1.3079814531011089e+00
1.9019999999966135e+00 -1.5696765951542729e+03 1.3083022516866842e+00
1.9039999999966044e+00 -1.5694685219281562e+03 1.3087228144557299e+00
1.9059999999965953e+00 -1.5692407177495720e+03 1.3091883549763206e+00
1.9079999999965862e+00 -1.5689868813475662e+03 1.3095222272403775e+00
1.9099999999965771e+00 -1.5687703308571220e+03 1.3099062630843434e+00
1.9119999999965680e+00 -1.5685301832053049e+03 1.3103224106761873e+00
1.9139999999965589e+00 -1.5682916847050260e+03 1.3106427845338360e+00
1.9159999999965498e+00 -1.5680528912039661e+03 1.3109492170515438e+00
1.9179999999965407e+00 -1.5678140323460480e+03 1.3112579538705140e+00
1.9199999999965316e+00 -1.5675951190265084e+03 1.3115632742855916e+00
1.9219999999965225e+00 -1.5673364126859551e+03 1.3118210026624160e+00
1.9239999999965134e+00 -1.5671049634090177e+03 1.3120945341224795e+00
1.9259999999965043e+00 -1.5668616704365563e+03 1.3123169215568384e+00
1.9279999999964952e+00 -1.5666043224427706e+03 1.3125301820192585e+00
1.9299999999964861e+00 -1.5663685101171939e+03 1.3127733627387537e+00
1.9319999999964770e+00 -1.5661048354889508e+03 1.3129699479447550e+00
1.9339999999964679e+00 -1.5658605486181636e+03 1.3132259921557643e+00
1.9359999999964588e+00 -1.5656199980397751e+03 1.3134813229806637e+00
1.9379999999964497e+00 -1.5653727286825881e+03 1.3137004802458061e+00
1.9399999999964406e+00 -1.5651427312034273e+03 1.3138721167856271e+00
1.9419999999964315e+00 -1.5648779156644966e+03 1.3139763914254039e+00
1.9439999999964224e+00 -1.5646476086576390e+03 1.3141170697319950e+00
1.9459999999964133e+00 -1.5644228290968663e+03 1.3142365596455612e+00
1.9479999999964042e+00 -1.5641815027698267e+03 1.3143599270206230e+00
1.9499999999963951e+00 -1.5639679492856828e+03 1.3144995573892044e+00
1.9519999999963860e+00 -1.5637246972849500e+03 1.3145260217617825e+00
1.9539999999963769e+00 -1.5634863760017554e+03 1.3145698941166515e+00
1.9559999999963678e+00 -1.5632765827606070e+03 1.3146267159696108e+00
1.9579999999963587e+00 -1.5630245075110290e+03 1.3146000923840973e+00
1.9599999999963496e+00 -1.5627968321614896e+03 1.3146100219587864e+00
1.9619999999963404e+00 -1.5625643837047087e+03 1.3145661255812573e+00
1.9639999999963313e+00 -1.5623098145829272e+03 1.3145107097040170e+00
1.9659999999963222e+00 -1.5620832175621463e+03 1.3144896466489522e+00
1.9679999999963131e+00 -1.5618341612181318e+03 1.3143852322942298e+00
1.9699999999963040e+00 -1.5615847845797950e+03 1.3143186301977128e+00
1.9719999999962949e+00 -1.5613433347305804e+03 1.3142267428478278e+00
1.9739999999962858e+00 -1.5610889636810300e+03 1.3140626162242670e+00
1.9759999999962767e+00 -1.5608275324624644e+03 1.3139169724016806e+00
1.9779999999962676e+00 -1.5605822161884673e+03 1.3137469153718975e+00
1.9799999999962585e+00 -1.5603100446380533e+03 1.3135204149810824e+00
1.9819999999962494e+00 -1.5600544498980091e+03 1.3133375933943592e+00
1.9839999999962403e+00 -1.5597999875773223e+03 1.3131034081459301e+00
1.9859999999962312e+00 -1.5595170434196125e+03 1.3128688139476163e+00
1.9879999999962221e+00 -1.5592664782097995e+03 1.3126315842306313e+00
1.9899999999962130e+00 -1.5589746894086807e+03 1.3123079696634563e+00
1.9919999999962039e+00 -1.5586955103757928e+03 1.3120116745776991e+00
1.9939999999961948e+00 -1.5584216408050877e+03 1.3116872862571576e+00
1.9959999999961857e+00 -1.5581105981133655e+03 1.3113163120007365e+00
1.9979999999961766e+00 -1.5578232235427738e+03 1.3109444863948954e+00
1.9999999999961675e+00 -1.5575094156290149e+03 1.3105132765087193e+00
2.0019999999961806e+00 -1.5571783750849588e+03 1.3100525163005829e+00
2.0039999999961937e+00 -1.5568638997046482e+03 1.3096020514569549e+00
2.0059999999962068e+00 -1.5565230569135726e+03 1.3090735479615470e+00
2.0079999999962199e+00 -1.5561885404514685e+03 1.3085652827611902e+00
2.0099999999962330e+00 -1.5558592033410625e+03 1.3080338898536197e+00
2.0119999999962461e+00 -1.5555021359804393e+03 1.3074539398024205e+00
2.0139999999962592e+00 -1.5551677829858154e+03 1.3069133561805548e+00
2.0159999999962723e+00 -1.5548228653975316e+03 1.3063237115256052e+00
2.0179999999962854e+00 -1.5544603279480032e+03 1.3057036867449170e+00
2.0199999999962985e+00 -1.5541236562191455e+03 1.3050755880603637e+00
2.0219999999963116e+00 -1.5537572170823767e+03 1.3044007874821100e+00
2.0239999999963247e+00 -1.5533862003836687e+03 1.3037329503738158e+00
2.0259999999963378e+00 -1.5530127957169909e+03 1.3030298367664879e+00
2.0279999999963509e+00 -1.5526055344467109e+03 1.3022684958147486e+00
2.0299999999963640e+00 -1.5522123250731040e+03 1.3015069394416283e+00
2.0319999999963771e+00 -1.5517959564543344e+03 1.3006695380805513e+00
2.0339999999963903e+00 -1.5513624060749798e+03 1.2998174952201036e+00
2.0359999999964034e+00 -1.5509430054662130e+03 1.2989592298035784e+00
2.0379999999964165e+00 -1.5506046468457482e+03 1.2981897241275571e+00
2.0399999999964296e+00 -1.5504026767500186e+03 1.2978241195391678e+00
2.0419999999964427e+00 -1.5502980892273324e+03 1.2977045838161525e+00
2.0439999999964558e+00 -1.5501863549999573e+03 1.2976413570242555e+00
2.0459999999964689e+00 -1.5501021214664393e+03 1.2975122778410304e+00
2.0479999999964820e+00 -1.5499951860929152e+03 1.2973001546498750e+00
2.0499999999964951e+00 -1.5498789088036103e+03 1.2971371906742426e+00
2.0519999999965082e+00 -1.5497701746826081e+03 1.2969519571133488e+00
2.0539999999965213e+00 -1.5496239010273150e+03 1.2967050876216026e+00
2.0559999999965344e+00 -1.5494866886610423e+03 1.2964711136563800e+00
2.0579999999965475e+00 -1.5493490442107898e+03 1.2962231296498916e+00
2.0599999999965606e+00 -1.5491978593351712e+03 1.2959629028534463e+00
2.0619999999965737e+00 -1.5490662378048839e+03 1.2957380132755849e+00
2.0639999999965868e+00 -1.5489182537565332e+03 1.2954831271589646e+00
2.0659999999965999e+00 -1.5487777338794701e+03 1.2952616699603769e+00
2.0679999999966130e+00 -1.5486521123710254e+03 1.2950521414245539e+00
2.0699999999966261e+00 -1.5485114212097351e+03 1.2948365784826474e+00
2.0719999999966392e+00 -1.5483937288381567e+03 1.2946512395027086e+00
2.0739999999966523e+00 -1.5482692239456571e+03 1.2944693571624717e+00
2.0759999999966654e+00 -1.5481398681674441e+03 1.2942679472809224e+00
2.0779999999966785e+00 -1.5480352969334285e+03 1.2941151266656252e+00
2.0799999999966916e+00 -1.5479108365976304e+03 1.2939068415880386e+00
2.0819999999967047e+00 -1.5478024071472435e+03 1.2937589542698649e+00
2.0839999999967178e+00 -1.5476858514248306e+03 1.2935942015522486e+00
2.0859999999967309e+00 -1.5475525743666265e+03 1.2933624505461321e+00
2.0879999999967440e+00 -1.5474470627747035e+03 1.2932075915385775e+00
2.0899999999967571e+00 -1.5473276210196555e+03 1.2930108090892058e+00
2.0919999999967702e+00 -1.5472136041779090e+03 1.2928346815491603e+00
2.0939999999967833e+00 -1.5471048912983990e+03 1.2926627155444725e+00
2.0959999999967964e+00 -1.5469769218071146e+03 1.2924569912072159e+00
2.0979999999968095e+00 -1.5468710190303386e+03 1.2923075799696209e+00
2.0999999999968226e+00 -1.5467565482423829e+03 1.2921084396972666e+00
2.1019999999968357e+00 -1.5466364721572763e+03 1.2919428490653826e+00
2.1039999999968488e+00 -1.5465356362625375e+03 1.2917891898021328e+00
2.1059999999968619e+00 -1.5464131439469165e+03 1.2915862949169703e+00
2.1079999999968750e+00 -1.5463106816716672e+03 1.2914438802736965e+00
2.1099999999968881e+00 -1.5461997394602056e+03 1.2912529509775341e+00
2.1119999999969012e+00 -1.5460799513906036e+03 1.2910767804092358e+00
2.1139999999969143e+00 -1.5459814973798739e+03 1.2909300120349665e+00
2.1159999999969274e+00 -1.5458626350198501e+03 1.2907245036212693e+00
2.1179999999969406e+00 -1.5457603775817126e+03 1.2905730939768922e+00
2.1199999999969537e+00 -1.5456551132442246e+03 1.2903992273070000e+00
2.1219999999969668e+00 -1.5455418928868746e+03 1.2902203401310399e+00
2.1239999999969799e+00 -1.5454449678874205e+03 1.2900663017087304e+00
2.1259999999969930e+00 -1.5453352906729560e+03 1.2898849470704783e+00
2.1279999999970061e+00 -1.5452333993980390e+03 1.2897267756243254e+00
2.1299999999970192e+00 -1.5451346954091864e+03 1.2895649062864960e+00
2.1319999999970323e+00 -1.5450275382063205e+03 1.2893885567933596e+00
2.1339999999970454e+00 -1.5449314278854611e+03 1.2892331129217207e+00
2.1359999999970585e+00 -1.5448255803231038e+03 1.2890721295182885e+00
2.1379999999970716e+00 -1.5447236401492507e+03 1.2888831861270222e+00
2.1399999999970847e+00 -1.5446252237730343e+03 1.2887241120300410e+00
2.1419999999970978e+00 -1.5445160530272281e+03 1.2885361559272606e+00
2.1439999999971109e+00 -1.5444175106484363e+03 1.2883656706536899e+00
2.1459999999971240e+00 -1.5443110800196603e+03 1.2881984993004501e+00
2.1479999999971371e+00 -1.5442121232223119e+03 1.2880459509670712e+00
2.1499999999971502e+00 -1.5441204795150745e+03 1.2879085329372353e+00
2.1519999999971633e+00 -1.5440230144005639e+03 1.2877569504419486e+00
2.1539999999971764e+00 -1.5439314318375104e+03 1.2876136658141935e+00
2.1559999999971895e+00 -1.5438366040286871e+03 1.2874721659209796e+00
2.1579999999972026e+00 -1.5437384976924125e+03 1.2873007000534451e+00
2.1599999999972157e+00 -1.5436497284118007e+03 1.2871618180170863e+00
2.1619999999972288e+00 -1.5435547537705716e+03 1.2870067621648249e+00
2.1639999999972419e+00 -1.5434617040358921e+03 1.2868560304772712e+00
2.1659999999972550e+00 -1.5433714556900527e+03 1.2867110912130970e+00
2.1679999999972681e+00 -1.5432751477079928e+03 1.2865465142160399e+00
2.1699999999972812e+00 -1.5431904238859859e+03 1.2864181465632858e+00
2.1719999999972943e+00 -1.5431017230668426e+03 1.2862590632603987e+00
2.1739999999973074e+00 -1.5430119245978394e+03 1.2861142638679852e+00
2.1759999999973205e+00 -1.5429262016289281e+03 1.2859705161248518e+00
2.1779999999973336e+00 -1.5428326522059708e+03 1.2858077486369885e+00
2.1799999999973467e+00 -1.5427450692488765e+03 1.2856612870881441e+00
2.1819999999973598e+00 -1.5426533250557848e+03 1.2855072433295935e+00
2.1839999999973729e+00 -1.5425622135673420e+03 1.2853512843213271e+00
2.1859999999973860e+00 -1.5424721768936083e+03 1.2852099818667191e+00
2.1879999999973991e+00 -1.5423794920604369e+03 1.2850541109692728e+00
2.1899999999974122e+00 -1.5422933422605465e+03 1.2848995861323094e+00
2.1919999999974253e+00 -1.5422054141154333e+03 1.2847655821371273e+00
2.1939999999974384e+00 -1.5420967069539604e+03 1.2845862088062006e+00
2.1959999999974515e+00 -1.5419461498682135e+03 1.2842890054485581e+00
2.1979999999974646e+00 -1.5418000799855840e+03 1.2839554434955567e+00
2.1999999999974778e+00 -1.5416652116041985e+03 1.2836633123202084e+00
2.2019999999974909e+00 -1.5415308708210389e+03 1.2833550741105886e+00
2.2039999999975040e+00 -1.5414136767650937e+03 1.2830782343248208e+00
2.2059999999975171e+00 -1.5413005210802241e+03 1.2828166646479364e+00
2.2079999999975302e+00 -1.5411967210285691e+03 1.2825822201091215e+00
2.2099999999975433e+00 -1.5411029596454218e+03 1.2823600572775338e+00
2.2119999999975564e+00 -1.5410042272639196e+03 1.2821428314886387e+00
2.2139999999975695e+00 -1.5409025280423677e+03 1.2819133710885875e+00
2.2159999999975826e+00 -1.5407994035879424e+03 1.2816772305907440e+00
2.2179999999975957e+00 -1.5406914081838022e+03 1.2814348795813710e+00
2.2199999999976088e+00 -1.5405826671163757e+03 1.2811830213989142e+00
2.2219999999976219e+00 -1.5404704905568979e+03 1.2809244237113682e+00
2.2239999999976350e+00 -1.5403589830917929e+03 1.2806603438619417e+00
2.2259999999976481e+00 -1.5402430020037484e+03 1.2803917003093159e+00
2.2279999999976612e+00 -1.5401296534917058e+03 1.2801184095037907e+00
2.2299999999976743e+00 -1.5400155039882957e+03 1.2798568111015203e+00
2.2319999999976874e+00 -1.5399031123677598e+03 1.2795936477677090e+00
2.2339999999977005e+00 -1.5397898653413413e+03 1.2793261167435608e+00
2.2359999999977136e+00 -1.5396835002925025e+03 1.2790723288754240e+00
2.2379999999977267e+00 -1.5395695168566428e+03 1.2788225739808428e+00
2.2399999999977398e+00 -1.5394634694732595e+03 1.2785712942766119e+00
2.2419999999977529e+00 -1.5393495039484540e+03 1.2783227412676030e+00
2.2439999999977660e+00 -1.5392452392178595e+03 1.2780757460778500e+00
2.2459999999977791e+00 -1.5391347430518381e+03 1.2778189451593340e+00
2.2479999999977922e+00 -1.5390254818242411e+03 1.2775802648914478e+00
2.2499999999978053e+00 -1.5389198330067084e+03 1.2773129221917741e+00
2.2519999999978184e+00 -1.5388114896689240e+03 1.2770732719612961e+00
2.2539999999978315e+00 -1.5387085846213561e+03 1.2768151404039241e+00
2.2559999999978446e+00 -1.5386009560078030e+03 1.2765910627933799e+00
2.2579999999978577e+00 -1.5384911384742798e+03 1.2763354127217126e+00
2.2599999999978708e+00 -1.5383806322072712e+03 1.2760685581554527e+00
2.2619999999978839e+00 -1.5382714488059171e+03 1.2758219231921597e+00
2.2639999999978970e+00 -1.5381618484475759e+03 1.2755496639939696e+00
2.2659999999979101e+00 -1.5380523713818391e+03 1.2753000377318484e+00
2.2679999999979232e+00 -1.5379419166835328e+03 1.2750357225781606e+00
2.2699999999979363e+00 -1.5378323702917576e+03 1.2747747919534123e+00
2.2719999999979494e+00 -1.5377248851078762e+03 1.2745270351662301e+00
2.2739999999979625e+00 -1.5376174870476602e+03 1.2742722479569031e+00
2.2759999999979756e+00 -1.5375100052362936e+03 1.2740237992332104e+00
2.2779999999979887e+00 -1.5373997022409546e+03 1.2737685944834070e+00
2.2799999999980018e+00 -1.5372907672874346e+03 1.2735081804123802e+00
2.2819999999980149e+00 -1.5371844249082747e+03 1.2732640268087301e+00
2.2839999999980281e+00 -1.5370773269299921e+03 1.2730047203813939e+00
2.2859999999980412e+00 -1.5369717410001340e+03 1.2727553274006729e+00
2.2879999999980543e+00 -1.5368600232347733e+03 1.2724838217644998e+00
2.2899999999980674e+00 -1.5367580100278221e+03 1.2722221959049347e+00
2.2919999999980805e+00 -1.5366508924734933e+03 1.2719712415007609e+00
2.2939999999980936e+00 -1.5365449146235055e+03 1.2717237380814037e+00
2.2959999999981067e+00 -1.5364370805679364e+03 1.2714696358773723e+00
2.2979999999981198e+00 -1.5363331981336514e+03 1.2712184101613606e+00
2.2999999999981329e+00 -1.5362301755014321e+03 1.2709737377817343e+00
2.3019999999981460e+00 -1.5361278674204677e+03 1.2707251856593280e+00
2.3039999999981591e+00 -1.5360249015172801e+03 1.2704829607271442e+00
2.3059999999981722e+00 -1.5359210936631810e+03 1.2702402064131046e+00
2.3079999999981853e+00 -1.5358163572274470e+03 1.2699879943254770e+00
2.3099999999981984e+00 -1.5357139123209060e+03 1.2697360171724104e+00
2.3119999999982115e+00 -1.5356101996929374e+03 1.2694757359194444e+00
2.3139999999982246e+00 -1.5355071751416251e+03 1.2692229563444766e+00
2.3159999999982377e+00 -1.5354037675814743e+03 1.2689698509510050e+00
2.3179999999982508e+00 -1.5353007600904996e+03 1.2687142309710882e+00
2.3199999999982639e+00 -1.5351979287685199e+03 1.2684657256002567e+00
2.3219999999982770e+00 -1.5350944408977100e+03 1.2682114298560796e+00
2.3239999999982901e+00 -1.5349906798964200e+03 1.2679625154604917e+00
2.3259999999983032e+00 -1.5348882852060351e+03 1.2677130200090909e+00
2.3279999999983163e+00 -1.5347842997505199e+03 1.2674632896497360e+00
2.3299999999983294e+00 -1.5346819913426491e+03 1.2672183181868988e+00
2.3319999999983425e+00 -1.5345784823068655e+03 1.2669683167030934e+00
2.3339999999983556e+00 -1.5344749602778643e+03 1.2667225649498235e+00
2.3359999999983687e+00 -1.5343723948297031e+03 1.2664743683751765e+00
2.3379999999983818e+00 -1.5342676662518302e+03 1.2662268441782409e+00
2.3399999999983949e+00 -1.5341654408660395e+03 1.2659816524446543e+00
2.3419999999984080e+00 -1.5340614597156859e+03 1.2657331871847262e+00
2.3439999999984211e+00 -1.5339582211986583e+03 1.2654863296120804e+00
2.3459999999984342e+00 -1.5338555437570315e+03 1.2652396135028936e+00
2.3479999999984473e+00 -1.5337519622970390e+03 1.2649938009682955e+00
2.3499999999984604e+00 -1.5336499770293456e+03 1.2647522629633388e+00
2.3519999999984735e+00 -1.5335417722631862e+03 1.2644892112497415e+00
2.3539999999984866e+00 -1.5334395862868407e+03 1.2642605423274671e+00
2.3559999999984997e+00 -1.5333439382964470e+03 1.2640049358549579e+00
2.3579999999985128e+00 -1.5332406933651616e+03 1.2637747857331953e+00
2.3599999999985259e+00 -1.5331403533903276e+03 1.2635249580413601e+00
2.3619999999985390e+00 -1.5330362607413106e+03 1.2632852643677772e+00
2.3639999999985521e+00 -1.5329351411540931e+03 1.2630569655537318e+00
2.3659999999985653e+00 -1.5328369995459730e+03 1.2628218558564055e+00
2.3679999999985784e+00 -1.5327400524650905e+03 1.2626066186544396e+00
2.3699999999985915e+00 -1.5326426026741719e+03 1.2623653500386869e+00
2.3719999999986046e+00 -1.5325452895219489e+03 1.2621392950141472e+00
2.3739999999986177e+00 -1.5324486259857301e+03 1.2619150707689730e+00
2.3759999999986308e+00 -1.5323516365064716e+03 1.2616827481402184e+00
2.3779999999986439e+00 -1.5322523866809158e+03 1.2614656038459406e+00
2.3799999999986570e+00 -1.5321591685978594e+03 1.2612384414646565e+00
2.3819999999986701e+00 -1.5320607165169308e+03 1.2610225720269947e+00
2.3839999999986832e+00 -1.5319660698755908e+03 1.2608086095751923e+00
2.3859999999986963e+00 -1.5318708657768332e+03 1.2605882462321198e+00
2.3879999999987094e+00 -1.5317756077965619e+03 1.2603802306681327e+00
2.3899999999987225e+00 -1.5316817056174739e+03 1.2601690986977914e+00
2.3919999999987356e+00 -1.5315822265319443e+03 1.2599569829472705e+00
2.3939999999987487e+00 -1.5314886153344758e+03 1.2597418175409514e+00
2.3959999999987618e+00 -1.5313947322042141e+03 1.2595326613361011e+00
2.3979999999987749e+00 -1.5312996459978770e+03 1.2593268979050245e+00
2.3999999999987880e+00 -1.5312043012368124e+03 1.2591089104192223e+00
2.4019999999988011e+00 -1.5311077425875858e+03 1.2589054333551779e+00
2.4039999999988142e+00 -1.5310097985186567e+03 1.2586975119441703e+00
2.4059999999988273e+00 -1.5309100341759377e+03 1.2584916700223536e+00
2.4079999999988404e+00 -1.5308139304754720e+03 1.2582932532910525e+00
2.4099999999988535e+00 -1.5307180175900744e+03 1.2580897873353052e+00
2.4119999999988666e+00 -1.5306222315329021e+03 1.2578960060896613e+00
2.4139999999988797e+00 -1.5305273256517728e+03 1.2576974838930930e+00
2.4159999999988928e+00 -1.5304309467483602e+03 1.2575003436455015e+00
2.4179999999989059e+00 -1.5303359812570948e+03 1.2573061545597146e+00
2.4199999999989190e+00 -1.5302406630245132e+03 1.2571082177885025e+00
2.4219999999989321e+00 -1.5301459150499043e+03 1.2569174083963952e+00
2.4239999999989452e+00 -1.5300520222927742e+03 1.2567232423446351e+00
2.4259999999989583e+00 -1.5299576836406163e+03 1.2565328808360268e+00
2.4279999999989714e+00 -1.5298642375859642e+03 1.2563428929362779e+00
2.4299999999989845e+00 -1.5297704947827106e+03 1.2561513771714359e+00
2.4319999999989976e+00 -1.5296770149022393e+03 1.2559638610432196e+00
2.4339999999990107e+00 -1.5295837814352606e+03 1.2557725652615688e+00
2.4359999999990238e+00 -1.5294904397351131e+03 1.2555855107508371e+00
2.4379999999990369e+00 -1.5293976053512815e+03 1.2553963238665349e+00
2.4399999999990500e+00 -1.5293042393772830e+03 1.2552077146371095e+00
2.4419999999990631e+00 -1.5292116599030862e+03 1.2550216292338838e+00
2.4439999999990762e+00 -1.5291189408998025e+03 1.2548331044357175e+00
2.4459999999990893e+00 -1.5290264034612119e+03 1.2546483415743337e+00
2.4479999999991024e+00 -1.5289342215431614e+03 1.2544612896515375e+00
2.4499999999991156e+00 -1.5288416151520958e+03 1.2542765112334846e+00
2.4519999999991287e+00 -1.5287502743768953e+03 1.2540938239746233e+00
2.4539999999991418e+00 -1.5286575609833376e+03 1.2539076208705340e+00
2.4559999999991549e+00 -1.5285656017413014e+03 1.2537267322517092e+00
2.4579999999991680e+00 -1.5284749168233100e+03 1.2535423457175867e+00
2.4599999999991811e+00 -1.5283837737260365e+03 1.2533604222317152e+00
2.4619999999991942e+00 -1.5282932845759185e+03 1.2531794860203871e+00
2.4639999999992073e+00 -1.5282013139213327e+03 1.2529945214606775e+00
2.4659999999992204e+00 -1.5281106342492840e+03 1.2528151191087129e+00
2.4679999999992335e+00 -1.5280191100601824e+03 1.2526326548510953e+00
2.4699999999992466e+00 -1.5279278399593939e+03 1.2524519460021635e+00
2.4719999999992597e+00 -1.5278373922990615e+03 1.2522707049661748e+00
2.4739999999992728e+00 -1.5277463420295483e+03 1.2520908100284025e+00
2.4759999999992859e+00 -1.5276559518610409e+03 1.2519120635446015e+00
2.4779999999992990e+00 -1.5275655247675747e+03 1.2517320643371588e+00
2.4799999999993121e+00 -1.5274753944998859e+03 1.2515549594909408e+00
2.4819999999993252e+00 -1.5273850400238475e+03 1.2513771003766427e+00
2.4839999999993383e+00 -1.5272944879779679e+03 1.2511981405698416e+00
2.4859999999993514e+00 -1.5272049321369468e+03 1.2510204643130143e+00
2.4879999999993645e+00 -1.5271148546042471e+03 1.2508428731238228e+00
2.4899999999993776e+00 -1.5270247063035317e+03 1.2506669237873727e+00
2.4919999999993907e+00 -1.5269344096404141e+03 1.2504903736778739e+00
2.4939999999994038e+00 -1.5268443113293781e+03 1.2503146866699697e+00
2.4959999999994169e+00 -1.5267549147000898e+03 1.2501408053867693e+00
2.4979999999994300e+00 -1.5266662774769843e+03 1.2499667578296727e+00
2.4999999999994431e+00 -1.5265774220408573e+03 1.2497969878285344e+00
