#temps  Wn_tot  -Wt_tot  Wp_tot  Wint_tot  KEr_tot  
0 0 0 1.03935e-06 8.96574e-06 5.03878e-06
0.002 0.000162925 5.55942e-05 0.00135011 0.000558029 0.00114375
0.004 0.000239612 0.000168843 0.00654249 0.00317983 0.00344332
0.006 0.000312811 0.000363609 0.0129364 0.00639996 0.00623482
0.008 0.000366992 0.000579164 0.0220894 0.00959722 0.0113971
0.01 0.000435599 0.000923995 0.0335273 0.0164464 0.0149548
0.012 0.000493074 0.00131229 0.0460443 0.0217551 0.0206641
0.014 0.000569646 0.00177152 0.061494 0.029223 0.0267587
0.016 0.000620856 0.00238333 0.0778383 0.0388604 0.0312645
0.018 0.000664848 0.00298433 0.0960582 0.0463832 0.0392589
0.02 0.000727389 0.00375944 0.116248 0.0585519 0.0442445
0.022 0.00076894 0.0046111 0.137049 0.0692877 0.0506696
0.024 0.000828155 0.00548471 0.160033 0.0806812 0.0582805
0.026 0.000874872 0.00656588 0.183917 0.0954518 0.0629685
0.028 0.000901107 0.00764883 0.208906 0.107781 0.0707404
0.03 0.000953366 0.00884137 0.235488 0.123261 0.0765716
0.032 0.000983318 0.0101792 0.262659 0.138983 0.0822458
0.034 0.0010146 0.0115286 0.291107 0.154349 0.0892338
0.036 0.00104721 0.0130277 0.32048 0.172115 0.0942928
0.038 0.00106127 0.0146069 0.350555 0.189297 0.100246
0.04 0.00108725 0.0162596 0.381594 0.20755 0.105727
0.042 0.0010995 0.0180111 0.413254 0.226485 0.110787
0.044 0.00111523 0.0197947 0.445709 0.245295 0.116504
0.046 0.00113333 0.0216926 0.47887 0.265417 0.121244
0.048 0.00114154 0.0236577 0.512559 0.285604 0.12612
0.05 0.001156 0.0256772 0.546898 0.306178 0.13098
0.052 0.00116638 0.0277903 0.581742 0.327528 0.135239
0.054 0.00117379 0.0299571 0.617053 0.34893 0.139633
0.056 0.00118393 0.0321856 0.65285 0.370847 0.14373
0.058 0.0011902 0.0344838 0.689035 0.393138 0.147566
0.06 0.00119652 0.0368309 0.725606 0.415598 0.151373
0.062 0.00120545 0.039231 0.76254 0.438436 0.154922
0.064 0.00121334 0.0416849 0.799789 0.461497 0.15833
0.066 0.00122039 0.0441869 0.837338 0.4848 0.161573
0.068 0.00122661 0.0467357 0.875147 0.508341 0.164625
0.07 0.00123411 0.049326 0.9132 0.532033 0.167568
0.072 0.00124122 0.0519666 0.951463 0.555998 0.170248
0.074 0.00124615 0.0546511 0.989889 0.580133 0.172742
0.076 0.00125363 0.0573685 1.02847 0.604357 0.175152
0.078 0.00126289 0.0601296 1.06719 0.628785 0.177346
0.08 0.0012711 0.062931 1.10601 0.653341 0.17938
0.082 0.00127994 0.0657664 1.14492 0.677979 0.181301
0.084 0.00128913 0.0686402 1.18388 0.702766 0.183051
0.086 0.00129767 0.0715456 1.22289 0.727589 0.184702
0.088 0.00130722 0.074484 1.26192 0.752505 0.186246
0.09 0.00131635 0.0774555 1.30095 0.777489 0.187684
0.092 0.00132521 0.0804557 1.33997 0.802499 0.189039
0.094 0.00133374 0.0834855 1.37896 0.827548 0.190322
0.096 0.00134188 0.0865428 1.4179 0.852613 0.191532
0.098 0.00134959 0.0896267 1.45678 0.877688 0.192674
0.1 0.0013568 0.0927366 1.49559 0.90276 0.193748
0.102 0.00136359 0.0958715 1.5343 0.927817 0.194751
0.104 0.00137038 0.099032 1.57289 0.95286 0.195678
0.106 0.00137733 0.102217 1.61137 0.97786 0.196554
0.108 0.00138742 0.105427 1.64969 1.00282 0.197384
0.11 0.00140263 0.108657 1.68785 1.02771 0.198182
0.112 0.00141684 0.111899 1.72585 1.05247 0.198917
0.114 0.00142778 0.115161 1.76368 1.07718 0.199627
0.116 0.00143547 0.118451 1.80131 1.10184 0.200381
0.118 0.00144883 0.121753 1.83872 1.12631 0.201268
0.12 0.00145787 0.125023 1.87595 1.15049 0.202182
0.122 0.00146274 0.128327 1.91303 1.1747 0.203057
0.124 0.00147732 0.131651 1.94987 1.19887 0.204096
0.126 0.00148541 0.134924 1.98652 1.22253 0.204864
0.128 0.00149254 0.13824 2.02303 1.24635 0.20576
0.13 0.0015047 0.141558 2.05929 1.27003 0.20671
0.132 0.00150868 0.144849 2.09538 1.29333 0.207386
0.134 0.00151418 0.148162 2.13128 1.31671 0.208283
0.136 0.00152223 0.151464 2.16695 1.33984 0.209077
0.138 0.00152486 0.154747 2.20245 1.36272 0.209842
0.14 0.00152932 0.158034 2.23777 1.38558 0.210698
0.142 0.0015352 0.161316 2.27289 1.40823 0.211475
0.144 0.00154026 0.164588 2.30781 1.43073 0.212261
0.146 0.00154645 0.167863 2.34254 1.45315 0.213155
0.148 0.00155254 0.171132 2.37706 1.4754 0.214068
0.15 0.00155949 0.174397 2.41138 1.49752 0.215066
0.152 0.00156743 0.177661 2.44548 1.51953 0.216072
0.154 0.00157456 0.180922 2.47938 1.54138 0.217065
0.156 0.00158273 0.184183 2.51305 1.56311 0.218074
0.158 0.00159015 0.187439 2.54651 1.5847 0.219071
0.16 0.00159754 0.190693 2.57976 1.60614 0.22006
0.162 0.00160532 0.193944 2.61278 1.62743 0.221042
0.164 0.00161323 0.197194 2.64558 1.64859 0.222071
0.166 0.00162105 0.200443 2.67816 1.66961 0.223088
0.168 0.00162819 0.203691 2.71051 1.69049 0.224121
0.17 0.00163572 0.20694 2.74262 1.71125 0.22521
0.172 0.00164399 0.210187 2.7745 1.73185 0.226315
0.174 0.00165138 0.213429 2.80614 1.75228 0.227404
0.176 0.00165811 0.216674 2.83755 1.77259 0.228548
0.178 0.00166536 0.219918 2.86871 1.79273 0.229733
0.18 0.00167347 0.223169 2.89963 1.81275 0.231018
0.182 0.00168595 0.226409 2.93029 1.83255 0.232284
0.184 0.00169787 0.229607 2.96073 1.85208 0.233428
0.186 0.00170993 0.232845 2.99096 1.87164 0.234767
0.188 0.00172716 0.236052 3.02092 1.89094 0.236023
0.19 0.0017416 0.239233 3.05068 1.91 0.237177
0.192 0.00175438 0.242414 3.08022 1.929 0.238399
0.194 0.00177182 0.245591 3.10953 1.94782 0.239621
0.196 0.00179111 0.248736 3.13862 1.96644 0.240759
0.198 0.00182673 0.251894 3.16747 1.98502 0.242042
0.2 0.00185387 0.255004 3.19607 2.00329 0.243132
0.202 0.00186763 0.258102 3.22449 2.02141 0.244194
0.204 0.00188051 0.261181 3.25269 2.03942 0.245302
0.206 0.0018904 0.264243 3.28071 2.05722 0.246318
0.208 0.00190166 0.267297 3.30851 2.07496 0.247474
0.21 0.00191041 0.270327 3.33611 2.0925 0.248525
0.212 0.00191875 0.273355 3.36352 2.10997 0.249629
0.214 0.00192692 0.276363 3.39072 2.12726 0.250684
0.216 0.00193277 0.279365 3.41772 2.14445 0.251754
0.218 0.0019395 0.282351 3.44452 2.1615 0.252822
0.22 0.00194519 0.285328 3.47113 2.17841 0.253871
0.222 0.00195121 0.288294 3.49754 2.19521 0.254945
0.224 0.00195673 0.29125 3.52376 2.21186 0.256003
0.226 0.00196228 0.294198 3.54978 2.22841 0.257094
0.228 0.00196714 0.297137 3.57559 2.24481 0.258194
0.23 0.00197375 0.300065 3.60122 2.2611 0.259293
0.232 0.0019795 0.302984 3.62665 2.27724 0.260386
0.234 0.00198501 0.305896 3.65189 2.29327 0.261491
0.236 0.00199012 0.3088 3.67693 2.30915 0.2626
0.238 0.00199569 0.311695 3.70178 2.32491 0.263716
0.24 0.00200112 0.314585 3.72643 2.34055 0.264861
0.242 0.00200681 0.317469 3.75088 2.35606 0.266026
0.244 0.00201469 0.320345 3.77512 2.37143 0.267226
0.246 0.00202441 0.323198 3.79917 2.38663 0.268379
0.248 0.00203181 0.326041 3.82305 2.40171 0.269518
0.25 0.00203823 0.328886 3.84673 2.41669 0.270712
0.252 0.00204353 0.331718 3.87021 2.43152 0.271891
0.254 0.00205202 0.334515 3.89352 2.44616 0.273007
0.256 0.00205958 0.337299 3.91666 2.4607 0.274097
0.258 0.00206908 0.340085 3.93962 2.47517 0.275262
0.26 0.00207702 0.342838 3.9624 2.48944 0.27632
0.262 0.00208635 0.345584 3.98502 2.50363 0.277422
0.264 0.00210359 0.348307 4.00745 2.51769 0.278498
0.266 0.00212123 0.351011 4.02972 2.5316 0.279535
0.268 0.00214205 0.353703 4.05181 2.54545 0.28063
0.27 0.00216335 0.356375 4.07373 2.55915 0.281685
0.272 0.00218524 0.359024 4.09548 2.57275 0.282731
0.274 0.00220204 0.361662 4.11707 2.58625 0.283768
0.276 0.00221649 0.36429 4.13848 2.59969 0.284857
0.278 0.00222464 0.366895 4.15972 2.61297 0.285883
0.28 0.00223215 0.36949 4.1808 2.62618 0.286932
0.282 0.00223891 0.372068 4.2017 2.63928 0.287961
0.284 0.00224337 0.374637 4.22245 2.6523 0.289017
0.286 0.00224776 0.37719 4.24302 2.6652 0.290047
0.288 0.00225201 0.379732 4.26344 2.67801 0.291084
0.29 0.00228069 0.382282 4.28366 2.69081 0.292251
0.292 0.00229693 0.384792 4.30371 2.70337 0.293247
0.294 0.00230428 0.387302 4.32362 2.7159 0.294301
0.296 0.00230907 0.389797 4.34334 2.72833 0.295348
0.298 0.00231272 0.392278 4.36292 2.74063 0.296367
0.3 0.00231626 0.394749 4.38233 2.75285 0.297412
0.302 0.00231947 0.397209 4.40157 2.76496 0.298443
0.304 0.00232198 0.399659 4.42066 2.77698 0.299494
0.306 0.00232565 0.402098 4.43958 2.7889 0.300544
0.308 0.00233053 0.40453 4.45834 2.80071 0.301602
0.31 0.00233694 0.406942 4.47693 2.81241 0.302628
0.312 0.00234178 0.409349 4.49538 2.82402 0.303657
0.314 0.00234782 0.411742 4.51366 2.83553 0.304676
0.316 0.00235543 0.414117 4.5318 2.84691 0.305656
0.318 0.00236051 0.41649 4.54979 2.85823 0.306675
0.32 0.00236684 0.418832 4.56763 2.86941 0.307621
0.322 0.0023729 0.421174 4.58534 2.88053 0.308609
0.324 0.00237811 0.423494 4.60289 2.89153 0.309566
0.326 0.00238303 0.425801 4.62031 2.90244 0.310513
0.328 0.00238962 0.42809 4.63759 2.91326 0.31145
0.33 0.00239631 0.430359 4.65474 2.92398 0.31236
0.332 0.00241547 0.43262 4.67173 2.93465 0.313319
0.334 0.0024359 0.434857 4.68859 2.94519 0.314214
0.336 0.00245618 0.437081 4.70531 2.95567 0.315136
0.338 0.00247735 0.439291 4.72189 2.96607 0.316053
0.34 0.0024971 0.441482 4.73832 2.97638 0.316961
0.342 0.00251578 0.443661 4.75462 2.98663 0.317868
0.344 0.00253076 0.445817 4.77078 2.99677 0.318734
0.346 0.00254397 0.447969 4.7868 3.00687 0.319644
0.348 0.0025553 0.450096 4.80269 3.01685 0.320502
0.35 0.00256345 0.452215 4.81844 3.02678 0.321375
0.352 0.00257007 0.454317 4.83406 3.03662 0.322237
0.354 0.00257492 0.456405 4.84954 3.04637 0.323084
0.356 0.00257908 0.458481 4.8649 3.05606 0.323939
0.358 0.00258239 0.460543 4.88012 3.06566 0.324777
0.36 0.00258557 0.462592 4.89522 3.07519 0.325616
0.362 0.00258862 0.464628 4.91019 3.08464 0.326442
0.364 0.00259145 0.466652 4.92503 3.094 0.327264
0.366 0.00259479 0.468663 4.93975 3.10329 0.32808
0.368 0.00259764 0.470662 4.95434 3.1125 0.328894
0.37 0.00260039 0.472649 4.9688 3.12164 0.329702
0.372 0.002604 0.474624 4.98314 3.13069 0.330503
0.374 0.00260789 0.476587 4.99736 3.13967 0.331302
0.376 0.00261229 0.478538 5.01146 3.14857 0.332097
0.378 0.00261706 0.480481 5.02543 3.15739 0.3329
0.38 0.00262476 0.482405 5.03928 3.16613 0.333689
0.382 0.00263004 0.484324 5.05301 3.1748 0.334478
0.384 0.00263423 0.486223 5.06662 3.18337 0.335236
0.386 0.0026388 0.488117 5.08012 3.19188 0.33601
0.388 0.00264297 0.489995 5.09349 3.20031 0.336768
0.39 0.00264882 0.491851 5.10677 3.20864 0.337482
0.392 0.00265311 0.493709 5.11992 3.21694 0.338248
0.394 0.00265743 0.495543 5.13297 3.22513 0.338956
0.396 0.00266127 0.49737 5.1459 3.23327 0.339684
0.398 0.00266489 0.499179 5.15873 3.24132 0.340387
0.4 0.00266864 0.500977 5.17145 3.24931 0.341093
0.402 0.00267266 0.502761 5.18407 3.25722 0.341783
0.404 0.00267685 0.504531 5.19659 3.26508 0.342471
0.406 0.00268112 0.506289 5.209 3.27286 0.34315
0.408 0.00268538 0.508033 5.22131 3.28058 0.343824
0.41 0.00268982 0.509764 5.23352 3.28824 0.344489
0.412 0.00269445 0.511482 5.24564 3.29584 0.345148
0.414 0.00270007 0.513187 5.25765 3.30337 0.345799
0.416 0.00270565 0.514877 5.26957 3.31084 0.346437
0.418 0.0027122 0.516557 5.28139 3.31826 0.347083
0.42 0.00271829 0.518222 5.29311 3.32561 0.347714
0.422 0.00272515 0.51987 5.30474 3.3329 0.348322
0.424 0.0027324 0.52151 5.31628 3.34014 0.348941
0.426 0.00273916 0.523133 5.32772 3.34731 0.349545
0.428 0.00274621 0.524744 5.33908 3.35443 0.350145
0.43 0.0027514 0.526343 5.35033 3.36149 0.350748
0.432 0.00281344 0.527982 5.36145 3.36867 0.351708
0.434 0.00285742 0.529539 5.37237 3.37553 0.352479
0.436 0.00287853 0.531124 5.38325 3.38249 0.353196
0.438 0.00289262 0.532664 5.394 3.38925 0.353726
0.44 0.0029014 0.534215 5.40468 3.39606 0.354354
0.442 0.00290747 0.535742 5.41525 3.40274 0.354898
0.444 0.00291249 0.537264 5.42573 3.40941 0.355489
0.446 0.00291626 0.538773 5.43612 3.41599 0.356044
0.448 0.0029203 0.540273 5.44642 3.42254 0.356614
0.45 0.00292276 0.541762 5.45662 3.42902 0.357164
0.452 0.00292633 0.54324 5.46673 3.43544 0.357719
0.454 0.00292909 0.544708 5.47676 3.4418 0.358264
0.456 0.00293272 0.546167 5.48669 3.44811 0.358813
0.458 0.00293625 0.547616 5.49653 3.45436 0.359356
0.46 0.00294136 0.549052 5.50628 3.46055 0.359884
0.462 0.00294457 0.550478 5.51594 3.46668 0.360404
0.464 0.0029487 0.551895 5.52552 3.47277 0.360924
0.466 0.00295154 0.553302 5.53502 3.4788 0.361439
0.468 0.00295479 0.554698 5.54442 3.48477 0.361942
0.47 0.00295804 0.556085 5.55375 3.4907 0.362447
0.472 0.00296136 0.55746 5.56299 3.49657 0.362936
0.474 0.00296414 0.558826 5.57215 3.50239 0.363428
0.476 0.0029669 0.560181 5.58122 3.50815 0.363907
0.478 0.00296947 0.561526 5.59022 3.51387 0.364386
0.48 0.00297171 0.56286 5.59913 3.51953 0.364854
0.482 0.00297449 0.564183 5.60797 3.52514 0.365322
0.484 0.00297684 0.565495 5.61673 3.5307 0.365778
0.486 0.00297971 0.566797 5.62541 3.53621 0.366234
0.488 0.00298263 0.568088 5.63401 3.54168 0.366683
0.49 0.00298594 0.569368 5.64254 3.5471 0.367126
0.492 0.00298923 0.570637 5.65099 3.55247 0.367562
0.494 0.00299287 0.571896 5.65936 3.55779 0.367996
0.496 0.00299622 0.573143 5.66766 3.56306 0.368421
0.498 0.0030002 0.574381 5.67589 3.56829 0.368845
0.5 0.00300388 0.575608 5.68405 3.57348 0.369263
0.502 0.00300787 0.576825 5.69213 3.57862 0.369677
0.504 0.0030116 0.578032 5.70013 3.58372 0.370086
0.506 0.00301568 0.579229 5.70807 3.58877 0.370492
0.508 0.00301946 0.580415 5.71594 3.59378 0.37089
0.51 0.00302325 0.581592 5.72373 3.59874 0.371285
0.512 0.00302734 0.582755 5.73146 3.60366 0.371663
0.514 0.00303167 0.583913 5.73912 3.60854 0.372054
0.516 0.00303545 0.585056 5.74671 3.61337 0.372426
0.518 0.00303951 0.586192 5.75423 3.61817 0.372804
0.52 0.00304348 0.587317 5.76169 3.62292 0.373173
0.522 0.00304763 0.588433 5.76908 3.62763 0.373539
0.524 0.00305191 0.58954 5.7764 3.6323 0.373901
0.526 0.00305632 0.590636 5.78366 3.63692 0.374256
0.528 0.00306052 0.591724 5.79085 3.64151 0.374608
0.53 0.00306509 0.592802 5.79798 3.64605 0.374958
0.532 0.00306946 0.593872 5.80504 3.65056 0.375302
0.534 0.00307399 0.594932 5.81204 3.65503 0.375644
0.536 0.00307818 0.595984 5.81897 3.65945 0.375981
0.538 0.00308218 0.597027 5.82585 3.66384 0.376315
0.54 0.00308576 0.598061 5.83265 3.66819 0.376644
0.542 0.00308897 0.599087 5.8394 3.6725 0.37697
0.544 0.00309179 0.600104 5.84609 3.67677 0.377292
0.546 0.00309411 0.601113 5.85271 3.681 0.377611
0.548 0.00309608 0.602114 5.85927 3.68519 0.377928
0.55 0.00309818 0.603107 5.86577 3.68934 0.37824
0.552 0.00310061 0.604092 5.87221 3.69345 0.378551
0.554 0.00310352 0.60507 5.87859 3.69753 0.378861
0.556 0.00310652 0.606036 5.88491 3.70156 0.379152
0.558 0.00310839 0.606997 5.89117 3.70556 0.379453
0.56 0.00311 0.607949 5.89738 3.70953 0.379746
0.562 0.00311215 0.608894 5.90353 3.71345 0.380035
0.564 0.00311429 0.609831 5.90962 3.71734 0.380323
0.566 0.00311607 0.610761 5.91566 3.7212 0.380605
0.568 0.00311757 0.611684 5.92164 3.72502 0.380887
0.57 0.00311921 0.612599 5.92756 3.7288 0.38116
0.572 0.00312081 0.613507 5.93343 3.73255 0.381435
0.574 0.00312251 0.614406 5.93925 3.73626 0.381702
0.576 0.00312448 0.615298 5.94501 3.73995 0.381968
0.578 0.00312659 0.616183 5.95072 3.74359 0.382228
0.58 0.00312939 0.61706 5.95639 3.7472 0.382483
0.582 0.00313153 0.61793 5.962 3.75078 0.382736
0.584 0.00313387 0.618792 5.96756 3.75433 0.382984
0.586 0.00313625 0.619647 5.97307 3.75784 0.383229
0.588 0.00313852 0.620495 5.97854 3.76132 0.38347
0.59 0.00314103 0.621335 5.98396 3.76477 0.383708
0.592 0.00314334 0.622169 5.98933 3.76819 0.383941
0.594 0.0031457 0.622995 5.99466 3.77157 0.384171
0.596 0.00314784 0.623813 5.99994 3.77493 0.384397
0.598 0.00315009 0.624624 6.00517 3.77825 0.38462
0.6 0.00315215 0.625428 6.01036 3.78155 0.384842
0.602 0.00315454 0.626225 6.01551 3.78481 0.38506
0.604 0.00315667 0.627015 6.02061 3.78805 0.385276
0.606 0.00315863 0.627798 6.02567 3.79126 0.385488
0.608 0.00316037 0.628574 6.03069 3.79445 0.385698
0.61 0.00316176 0.629344 6.03566 3.7976 0.385906
0.612 0.00316324 0.630106 6.04059 3.80073 0.386113
0.614 0.00316467 0.630863 6.04548 3.80384 0.386316
0.616 0.00316634 0.631612 6.05032 3.80691 0.386515
0.618 0.00316768 0.632354 6.05513 3.80996 0.386713
0.62 0.00316998 0.633088 6.05989 3.81298 0.386901
0.622 0.00317163 0.633817 6.06461 3.81598 0.387098
0.624 0.00317328 0.634538 6.0693 3.81895 0.387284
0.626 0.00317513 0.635253 6.07394 3.82189 0.387471
0.628 0.00317642 0.635962 6.07854 3.82481 0.387656
0.63 0.00317796 0.636663 6.08311 3.8277 0.387835
0.632 0.00317918 0.637358 6.08763 3.83057 0.388016
0.634 0.00318064 0.638046 6.09211 3.83341 0.388192
0.636 0.00318209 0.638728 6.09656 3.83623 0.388367
0.638 0.00318345 0.639404 6.10097 3.83902 0.388539
0.64 0.00318485 0.640073 6.10534 3.84179 0.388709
0.642 0.00318588 0.640737 6.10967 3.84453 0.388877
0.644 0.00318711 0.641394 6.11397 3.84725 0.389042
0.646 0.00318832 0.642046 6.11823 3.84995 0.389207
0.648 0.00318957 0.642691 6.12245 3.85262 0.389367
0.65 0.00319076 0.643331 6.12663 3.85527 0.389526
0.652 0.00319185 0.643965 6.13078 3.85789 0.389683
0.654 0.00323362 0.644617 6.13484 3.86058 0.390081
0.656 0.00325337 0.645228 6.13886 3.86309 0.390363
0.658 0.00326621 0.645843 6.14284 3.86565 0.390552
0.66 0.00327492 0.646461 6.14681 3.8682 0.390725
0.662 0.00328138 0.647067 6.15073 3.87069 0.390854
0.664 0.00328664 0.64767 6.15461 3.87318 0.391008
0.666 0.00329044 0.648266 6.15847 3.87564 0.39115
0.668 0.00329434 0.648855 6.16228 3.87807 0.391289
0.67 0.003298 0.649441 6.16606 3.8805 0.391438
0.672 0.00330134 0.650022 6.16981 3.88289 0.391571
0.674 0.00330525 0.650599 6.17352 3.88527 0.391712
0.676 0.00330772 0.651168 6.17721 3.88762 0.391844
0.678 0.00331073 0.651733 6.18085 3.88995 0.391976
0.68 0.00331321 0.652294 6.18447 3.89226 0.392111
0.682 0.00331545 0.65285 6.18805 3.89455 0.392235
0.684 0.00331793 0.653401 6.19161 3.89682 0.392367
0.686 0.00332001 0.653947 6.19513 3.89907 0.39249
0.688 0.00332243 0.654489 6.19861 3.90129 0.392616
0.69 0.00332362 0.655026 6.20208 3.90351 0.392738
0.692 0.00332561 0.655558 6.2055 3.90569 0.392858
0.694 0.00332724 0.656086 6.2089 3.90786 0.39298
0.696 0.00332877 0.656609 6.21227 3.91001 0.393096
0.698 0.00333063 0.657129 6.2156 3.91214 0.393214
0.7 0.00333186 0.657643 6.21891 3.91426 0.393328
0.702 0.00333387 0.658154 6.22219 3.91635 0.393441
0.704 0.00333523 0.658661 6.22544 3.91842 0.393554
0.706 0.00333696 0.659164 6.22866 3.92048 0.393662
0.708 0.00333877 0.659662 6.23185 3.92252 0.393773
0.71 0.00334019 0.660157 6.23502 3.92454 0.393878
0.712 0.00334206 0.660647 6.23815 3.92654 0.393985
0.714 0.00334343 0.661133 6.24126 3.92853 0.394089
0.716 0.00334528 0.661615 6.24434 3.9305 0.39419
0.718 0.00334708 0.662093 6.24739 3.93245 0.394293
0.72 0.00334875 0.662566 6.25042 3.93438 0.39439
0.722 0.00335059 0.663037 6.25342 3.9363 0.394491
0.724 0.00335182 0.663504 6.2564 3.9382 0.394587
0.726 0.00335372 0.663969 6.25934 3.94009 0.394683
0.728 0.00335544 0.66443 6.26227 3.94196 0.394778
0.73 0.00335728 0.664888 6.26517 3.94381 0.394869
0.732 0.00335902 0.665343 6.26804 3.94565 0.394963
0.734 0.00336032 0.665795 6.27089 3.94747 0.39505
0.736 0.00336191 0.666242 6.27372 3.94927 0.39514
0.738 0.00336324 0.666686 6.27652 3.95106 0.395227
0.74 0.00336486 0.667126 6.27929 3.95284 0.395313
0.742 0.00336595 0.667563 6.28205 3.9546 0.395398
0.744 0.00336733 0.667996 6.28478 3.95634 0.39548
0.746 0.00336868 0.668427 6.28748 3.95807 0.395563
0.748 0.00337012 0.668853 6.29017 3.95979 0.395644
0.75 0.0033716 0.669277 6.29283 3.96149 0.395724
0.752 0.00337271 0.669697 6.29547 3.96318 0.395803
0.754 0.00337414 0.670114 6.29808 3.96486 0.39588
0.756 0.00337538 0.670527 6.30068 3.96652 0.395956
0.758 0.0033765 0.670937 6.30325 3.96816 0.396031
0.76 0.00337779 0.671344 6.30581 3.9698 0.396105
0.762 0.00337917 0.671747 6.30834 3.97142 0.396177
0.764 0.00338031 0.672147 6.31085 3.97302 0.396248
0.766 0.00338142 0.672544 6.31334 3.97462 0.396318
0.768 0.00338253 0.672938 6.31581 3.9762 0.396386
0.77 0.00338358 0.673328 6.31826 3.97777 0.396454
0.772 0.00338453 0.673715 6.32069 3.97932 0.39652
0.774 0.00338557 0.674098 6.3231 3.98086 0.396586
0.776 0.0033865 0.674479 6.32549 3.98239 0.396651
0.778 0.00338753 0.674856 6.32786 3.98391 0.396714
0.78 0.00338838 0.67523 6.33022 3.98542 0.396777
0.782 0.00338934 0.675602 6.33255 3.98691 0.396838
0.784 0.0033903 0.675969 6.33486 3.98839 0.396899
0.786 0.00339117 0.676334 6.33716 3.98986 0.396959
0.788 0.00339216 0.676696 6.33944 3.99132 0.397018
0.79 0.00339304 0.677054 6.3417 3.99276 0.397077
0.792 0.0033941 0.677411 6.34394 3.9942 0.397134
0.794 0.00339506 0.677765 6.34617 3.99562 0.397191
0.796 0.00339603 0.678116 6.34838 3.99704 0.397246
0.798 0.00339713 0.678465 6.35057 3.99844 0.397301
0.8 0.00339799 0.678811 6.35274 3.99983 0.397355
0.802 0.00339891 0.679153 6.3549 4.00121 0.397408
0.804 0.00339973 0.679493 6.35704 4.00258 0.39746
0.806 0.00340055 0.67983 6.35917 4.00394 0.397511
0.808 0.00340146 0.680165 6.36127 4.00529 0.397562
0.81 0.00340233 0.680497 6.36337 4.00663 0.397612
0.812 0.0034032 0.680827 6.36544 4.00796 0.397661
0.814 0.00340405 0.681154 6.36751 4.00928 0.39771
0.816 0.0034048 0.681479 6.36955 4.01059 0.397757
0.818 0.00340565 0.681802 6.37158 4.01189 0.397805
0.82 0.00340648 0.682123 6.3736 4.01318 0.397851
0.822 0.00340732 0.682441 6.3756 4.01446 0.397897
0.824 0.00340806 0.682757 6.37759 4.01573 0.397942
0.826 0.00340899 0.68307 6.37956 4.01699 0.397987
0.828 0.00340984 0.683382 6.38152 4.01824 0.39803
0.83 0.00341073 0.683691 6.38346 4.01948 0.398074
0.832 0.00341166 0.683998 6.38539 4.02072 0.398116
0.834 0.0034125 0.684302 6.3873 4.02194 0.398158
0.836 0.00341354 0.684605 6.3892 4.02316 0.398199
0.838 0.00341459 0.684905 6.39109 4.02436 0.39824
0.84 0.00341546 0.685203 6.39296 4.02556 0.39828
0.842 0.00341672 0.685499 6.39482 4.02675 0.39832
0.844 0.00341826 0.685794 6.39667 4.02793 0.398359
0.846 0.0034193 0.686086 6.3985 4.0291 0.398398
0.848 0.00342067 0.686375 6.40032 4.03027 0.398436
0.85 0.00342182 0.686664 6.40212 4.03142 0.398474
0.852 0.00342295 0.68695 6.40392 4.03257 0.398511
0.854 0.00342439 0.687233 6.4057 4.03371 0.398547
0.856 0.00342574 0.687516 6.40747 4.03484 0.398584
0.858 0.00342679 0.687795 6.40922 4.03596 0.39862
0.86 0.00342804 0.688074 6.41096 4.03708 0.398655
0.862 0.00342922 0.68835 6.41269 4.03819 0.398689
0.864 0.00343054 0.688624 6.41441 4.03929 0.398724
0.866 0.00343206 0.688897 6.41612 4.04038 0.398758
0.868 0.00343354 0.689167 6.41781 4.04146 0.398791
0.87 0.00343522 0.689436 6.41949 4.04254 0.398825
0.872 0.00343684 0.689703 6.42116 4.0436 0.398857
0.874 0.00343834 0.689968 6.42282 4.04467 0.398889
0.876 0.00344015 0.690231 6.42447 4.04572 0.398921
0.878 0.00344172 0.690493 6.4261 4.04676 0.398951
0.88 0.00344337 0.690753 6.42772 4.0478 0.398983
0.882 0.00344522 0.691011 6.42934 4.04884 0.399014
0.884 0.00344697 0.691268 6.43094 4.04986 0.399044
0.886 0.00344866 0.691523 6.43253 4.05088 0.399074
0.888 0.00345026 0.691777 6.43411 4.05189 0.399103
0.89 0.00345184 0.692029 6.43568 4.0529 0.399133
0.892 0.0034534 0.69228 6.43724 4.0539 0.399162
0.894 0.00345468 0.69253 6.43878 4.05489 0.39919
0.896 0.00345621 0.692778 6.44032 4.05587 0.399218
0.898 0.00345792 0.693025 6.44185 4.05685 0.399245
0.9 0.00345961 0.693271 6.44337 4.05783 0.399272
0.902 0.00346153 0.693515 6.44488 4.0588 0.399299
0.904 0.00346336 0.693758 6.44638 4.05976 0.399324
0.906 0.00346498 0.693999 6.44787 4.06071 0.399351
0.908 0.00346675 0.69424 6.44935 4.06166 0.399376
0.91 0.00346824 0.694478 6.45082 4.0626 0.399401
0.912 0.00346983 0.694716 6.45228 4.06354 0.399426
0.914 0.00347153 0.694952 6.45373 4.06447 0.399451
0.916 0.00347335 0.695186 6.45517 4.06539 0.399475
0.918 0.00347547 0.695419 6.4566 4.06631 0.3995
0.92 0.00347734 0.695651 6.45803 4.06722 0.399523
0.922 0.00347925 0.695881 6.45944 4.06813 0.399547
0.924 0.00348191 0.69611 6.46085 4.06903 0.39957
0.926 0.00348434 0.696337 6.46224 4.06993 0.399593
0.928 0.00348693 0.696564 6.46363 4.07082 0.399617
0.93 0.00348959 0.696789 6.46501 4.0717 0.399639
0.932 0.00349202 0.697012 6.46638 4.07258 0.399662
0.934 0.00349505 0.697235 6.46774 4.07345 0.399684
0.936 0.0034979 0.697456 6.46909 4.07432 0.399706
0.938 0.00350093 0.697676 6.47044 4.07518 0.399728
0.94 0.00350398 0.697895 6.47177 4.07604 0.399749
0.942 0.00350701 0.698113 6.4731 4.07689 0.399771
0.944 0.00351027 0.698329 6.47442 4.07774 0.399792
0.946 0.00351308 0.698544 6.47573 4.07858 0.399813
0.948 0.00351665 0.698758 6.47703 4.07942 0.399834
0.95 0.00351987 0.69897 6.47832 4.08024 0.399854
0.952 0.00352323 0.699182 6.47961 4.08107 0.399875
0.954 0.00352649 0.699392 6.48089 4.08189 0.399894
0.956 0.00352935 0.6996 6.48216 4.08271 0.399915
0.958 0.00353208 0.699808 6.48342 4.08352 0.399933
0.96 0.00353432 0.700014 6.48468 4.08432 0.399953
0.962 0.00353668 0.700219 6.48592 4.08512 0.399971
0.964 0.00353837 0.700422 6.48716 4.08591 0.39999
0.966 0.00354004 0.700625 6.48839 4.0867 0.400008
0.968 0.00354094 0.700826 6.48962 4.08749 0.400026
0.97 0.00354189 0.701027 6.49083 4.08827 0.400044
0.972 0.00354279 0.701226 6.49204 4.08904 0.400061
0.974 0.00354369 0.701424 6.49325 4.08981 0.400079
0.976 0.0035449 0.701622 6.49444 4.09058 0.400096
0.978 0.00354597 0.701818 6.49563 4.09134 0.400113
0.98 0.00354718 0.702013 6.49681 4.0921 0.40013
0.982 0.00354836 0.702207 6.49799 4.09285 0.400146
0.984 0.00354947 0.7024 6.49916 4.09359 0.400163
0.986 0.00355079 0.702592 6.50032 4.09434 0.400179
0.988 0.00355192 0.702783 6.50147 4.09508 0.400195
0.99 0.00355305 0.702972 6.50262 4.09581 0.400212
0.992 0.00355432 0.703161 6.50376 4.09654 0.400227
0.994 0.00355548 0.703349 6.5049 4.09727 0.400243
0.996 0.0035568 0.703536 6.50603 4.09799 0.400258
0.998 0.00355803 0.703722 6.50715 4.09871 0.400273
1 0.00355919 0.703907 6.50827 4.09942 0.400289
1.002 0.00356047 0.704091 6.50938 4.10013 0.400304
1.004 0.00356174 0.704274 6.51048 4.10084 0.400318
1.006 0.003563 0.704456 6.51158 4.10154 0.400333
1.008 0.00356415 0.704637 6.51268 4.10224 0.400347
1.01 0.00356529 0.704817 6.51376 4.10293 0.400361
1.012 0.00356652 0.704995 6.51484 4.10362 0.400376
1.014 0.00356777 0.705174 6.51592 4.1043 0.400389
1.016 0.00356896 0.70535 6.51698 4.10499 0.400403
1.018 0.0035703 0.705526 6.51805 4.10566 0.400416
1.02 0.00357165 0.705701 6.5191 4.10634 0.40043
1.022 0.00357285 0.705874 6.52015 4.10701 0.400443
1.024 0.00357413 0.706046 6.5212 4.10767 0.400456
1.026 0.00357512 0.706217 6.52223 4.10833 0.400469
1.028 0.00357606 0.706388 6.52327 4.10899 0.400482
1.03 0.00357678 0.706557 6.52429 4.10964 0.400495
1.032 0.00357768 0.706725 6.52531 4.11029 0.400507
1.034 0.00357837 0.706892 6.52633 4.11093 0.40052
1.036 0.00357925 0.707059 6.52734 4.11157 0.400532
1.038 0.00358022 0.707224 6.52835 4.11221 0.400544
1.04 0.00358117 0.707389 6.52935 4.11285 0.400556
1.042 0.00358223 0.707553 6.53034 4.11348 0.400567
1.044 0.00358305 0.707717 6.53134 4.1141 0.400579
1.046 0.00358394 0.70788 6.53232 4.11473 0.40059
1.048 0.0035846 0.708042 6.53331 4.11535 0.400602
1.05 0.00358536 0.708203 6.53428 4.11597 0.400613
1.052 0.00358618 0.708363 6.53526 4.11658 0.400624
1.054 0.00358698 0.708523 6.53622 4.11719 0.400635
1.056 0.0035878 0.708682 6.53719 4.1178 0.400645
1.058 0.00358845 0.70884 6.53815 4.1184 0.400656
1.06 0.00358909 0.708997 6.5391 4.119 0.400666
1.062 0.00358972 0.709154 6.54005 4.1196 0.400676
1.064 0.0035904 0.709309 6.541 4.12019 0.400686
1.066 0.0035911 0.709465 6.54194 4.12079 0.400696
1.068 0.00359169 0.709619 6.54288 4.12137 0.400706
1.07 0.00359236 0.709773 6.54381 4.12196 0.400715
1.072 0.00359292 0.709926 6.54474 4.12254 0.400725
1.074 0.00359354 0.710078 6.54566 4.12312 0.400734
1.076 0.00359407 0.71023 6.54658 4.1237 0.400743
1.078 0.00359454 0.710382 6.5475 4.12427 0.400753
1.08 0.00359506 0.710532 6.54841 4.12484 0.400762
1.082 0.0035955 0.710683 6.54932 4.1254 0.40077
1.084 0.003596 0.710832 6.55022 4.12597 0.400779
1.086 0.00359648 0.710981 6.55112 4.12653 0.400788
1.088 0.00359698 0.711129 6.55202 4.12709 0.400796
1.09 0.00359749 0.711277 6.55291 4.12764 0.400805
1.092 0.0035979 0.711424 6.5538 4.1282 0.400813
1.094 0.00359831 0.711571 6.55468 4.12875 0.400821
1.096 0.00359866 0.711717 6.55556 4.12929 0.400829
1.098 0.00359902 0.711862 6.55644 4.12984 0.400837
1.1 0.00359939 0.712006 6.55731 4.13038 0.400845
1.102 0.00359976 0.71215 6.55818 4.13092 0.400852
1.104 0.00360017 0.712293 6.55905 4.13145 0.40086
1.106 0.00360053 0.712436 6.55991 4.13198 0.400868
1.108 0.00360098 0.712578 6.56077 4.13251 0.400875
1.11 0.00360142 0.71272 6.56163 4.13304 0.400882
1.112 0.00360185 0.71286 6.56248 4.13357 0.40089
1.114 0.00360238 0.713001 6.56332 4.13409 0.400897
1.116 0.00360283 0.713141 6.56417 4.13461 0.400904
1.118 0.00360335 0.71328 6.56501 4.13513 0.400911
1.12 0.00360386 0.713418 6.56585 4.13564 0.400918
1.122 0.00360428 0.713556 6.56668 4.13615 0.400924
1.124 0.00360485 0.713694 6.56751 4.13666 0.400931
1.126 0.00360528 0.713831 6.56834 4.13717 0.400938
1.128 0.00360575 0.713967 6.56916 4.13768 0.400944
1.13 0.00360617 0.714103 6.56999 4.13818 0.40095
1.132 0.00360659 0.714238 6.5708 4.13868 0.400957
1.134 0.003607 0.714373 6.57162 4.13917 0.400963
1.136 0.00360737 0.714507 6.57243 4.13967 0.400969
1.138 0.00360785 0.71464 6.57324 4.14016 0.400975
1.14 0.00360827 0.714773 6.57404 4.14065 0.400981
1.142 0.00360874 0.714906 6.57484 4.14114 0.400987
1.144 0.00360917 0.715038 6.57564 4.14163 0.400992
1.146 0.00360966 0.715169 6.57643 4.14211 0.400998
1.148 0.00361012 0.7153 6.57723 4.14259 0.401004
1.15 0.00361069 0.71543 6.57802 4.14307 0.40101
1.152 0.0036111 0.71556 6.5788 4.14354 0.401015
1.154 0.00361157 0.715689 6.57958 4.14402 0.401021
1.156 0.00361207 0.715818 6.58036 4.14449 0.401026
1.158 0.00361246 0.715947 6.58114 4.14496 0.401032
1.16 0.00361301 0.716074 6.58191 4.14543 0.401037
1.162 0.00361345 0.716201 6.58268 4.14589 0.401042
1.164 0.00361398 0.716328 6.58345 4.14636 0.401047
1.166 0.00361436 0.716455 6.58422 4.14682 0.401052
1.168 0.00361483 0.71658 6.58498 4.14728 0.401057
1.17 0.00361521 0.716705 6.58574 4.14773 0.401062
1.172 0.00361564 0.716831 6.58649 4.14819 0.401067
1.174 0.00361603 0.716955 6.58725 4.14864 0.401072
1.176 0.00361642 0.717079 6.588 4.14909 0.401077
1.178 0.00361684 0.717202 6.58874 4.14954 0.401081
1.18 0.00361721 0.717325 6.58949 4.14999 0.401086
1.182 0.00361766 0.717447 6.59023 4.15043 0.401091
1.184 0.00361808 0.717569 6.59097 4.15088 0.401095
1.186 0.00361852 0.717691 6.5917 4.15132 0.4011
1.188 0.00361889 0.717812 6.59244 4.15176 0.401104
1.19 0.00361924 0.717933 6.59317 4.15219 0.401108
1.192 0.00361963 0.718053 6.5939 4.15263 0.401113
1.194 0.00361999 0.718173 6.59462 4.15306 0.401117
1.196 0.0036204 0.718292 6.59535 4.15349 0.401121
1.198 0.00362076 0.718411 6.59607 4.15392 0.401125
1.2 0.00362112 0.718529 6.59678 4.15435 0.401129
1.202 0.00362152 0.718647 6.5975 4.15478 0.401133
1.204 0.00362194 0.718765 6.59821 4.1552 0.401137
1.206 0.00362236 0.718882 6.59892 4.15563 0.401141
1.208 0.00362272 0.718999 6.59963 4.15605 0.401145
1.21 0.0036231 0.719115 6.60033 4.15647 0.401149
1.212 0.00362353 0.719231 6.60103 4.15688 0.401153
1.214 0.00362393 0.719347 6.60173 4.1573 0.401157
1.216 0.00362437 0.719462 6.60243 4.15771 0.40116
1.218 0.00362477 0.719576 6.60313 4.15813 0.401164
1.22 0.00362518 0.71969 6.60382 4.15854 0.401168
1.222 0.00362559 0.719804 6.60451 4.15894 0.401171
1.224 0.00362606 0.719918 6.6052 4.15935 0.401175
1.226 0.00362653 0.720031 6.60588 4.15976 0.401178
1.228 0.00362694 0.720143 6.60657 4.16016 0.401182
1.23 0.00362738 0.720255 6.60725 4.16056 0.401185
1.232 0.00362785 0.720367 6.60793 4.16096 0.401189
1.234 0.0036283 0.720479 6.6086 4.16136 0.401192
1.236 0.00362883 0.720589 6.60928 4.16176 0.401195
1.238 0.00362934 0.7207 6.60995 4.16216 0.401199
1.24 0.00362982 0.72081 6.61062 4.16255 0.401202
1.242 0.00363042 0.72092 6.61129 4.16294 0.401205
1.244 0.00363104 0.721029 6.61195 4.16334 0.401209
1.246 0.0036316 0.721139 6.61262 4.16372 0.401212
1.248 0.00363224 0.721247 6.61328 4.16411 0.401215
1.25 0.00363287 0.721355 6.61394 4.1645 0.401218
1.252 0.0036335 0.721463 6.61459 4.16488 0.401221
1.254 0.00363424 0.721571 6.61525 4.16527 0.401224
1.256 0.00363497 0.721678 6.6159 4.16565 0.401227
1.258 0.00363562 0.721785 6.61655 4.16603 0.40123
1.26 0.00363638 0.721891 6.6172 4.16641 0.401233
1.262 0.00363717 0.721997 6.61785 4.16679 0.401237
1.264 0.00363788 0.722103 6.61849 4.16716 0.401239
1.266 0.00363855 0.722208 6.61913 4.16754 0.401242
1.268 0.00363923 0.722313 6.61978 4.16791 0.401245
1.27 0.00363987 0.722418 6.62041 4.16828 0.401248
1.272 0.00364053 0.722522 6.62105 4.16865 0.401251
1.274 0.00364122 0.722625 6.62168 4.16902 0.401254
1.276 0.00364179 0.722729 6.62232 4.16939 0.401257
1.278 0.0036424 0.722832 6.62295 4.16975 0.401259
1.28 0.00364309 0.722935 6.62358 4.17012 0.401262
1.282 0.00364372 0.723038 6.62421 4.17048 0.401265
1.284 0.00364431 0.72314 6.62483 4.17084 0.401267
1.286 0.00364501 0.723241 6.62545 4.1712 0.40127
1.288 0.0036456 0.723343 6.62608 4.17156 0.401272
1.29 0.00364612 0.723444 6.6267 4.17191 0.401275
1.292 0.00364683 0.723545 6.62732 4.17227 0.401277
1.294 0.00364739 0.723645 6.62793 4.17262 0.40128
1.296 0.00364793 0.723745 6.62855 4.17297 0.401282
1.298 0.00364858 0.723845 6.62916 4.17333 0.401284
1.3 0.00364918 0.723944 6.62977 4.17368 0.401287
1.302 0.00364961 0.724043 6.63038 4.17402 0.401289
1.304 0.00365023 0.724143 6.63099 4.17437 0.401291
1.306 0.00365085 0.724241 6.6316 4.17472 0.401293
1.308 0.00365135 0.724339 6.63221 4.17506 0.401295
1.31 0.00365203 0.724437 6.63281 4.1754 0.401297
1.312 0.00365272 0.724535 6.63341 4.17574 0.401299
1.314 0.00365339 0.724632 6.63402 4.17609 0.401301
1.316 0.00365421 0.724729 6.63462 4.17642 0.401303
1.318 0.00365498 0.724826 6.63522 4.17676 0.401305
1.32 0.00365588 0.724922 6.63581 4.1771 0.401308
1.322 0.00365692 0.725019 6.63641 4.17743 0.401309
1.324 0.00365814 0.725115 6.63701 4.17777 0.401312
1.326 0.00365936 0.72521 6.6376 4.1781 0.401314
1.328 0.00366054 0.725306 6.63819 4.17843 0.401316
1.33 0.00366186 0.725401 6.63879 4.17877 0.401318
1.332 0.00366324 0.725496 6.63938 4.1791 0.40132
1.334 0.00366477 0.72559 6.63997 4.17943 0.401322
1.336 0.00366622 0.725685 6.64055 4.17975 0.401324
1.338 0.00366756 0.725779 6.64114 4.18008 0.401326
1.34 0.00366894 0.725872 6.64173 4.18041 0.401328
1.342 0.00367033 0.725966 6.64231 4.18073 0.40133
1.344 0.00367189 0.726059 6.6429 4.18105 0.401332
1.346 0.00367345 0.726152 6.64348 4.18138 0.401334
1.348 0.003675 0.726245 6.64406 4.1817 0.401336
1.35 0.00367647 0.726337 6.64464 4.18202 0.401338
1.352 0.00367788 0.726429 6.64522 4.18234 0.40134
1.354 0.00367939 0.726521 6.6458 4.18266 0.401342
1.356 0.00368097 0.726613 6.64638 4.18297 0.401344
1.358 0.00368264 0.726704 6.64695 4.18329 0.401346
1.36 0.00368425 0.726795 6.64753 4.1836 0.401348
1.362 0.00368575 0.726886 6.6481 4.18392 0.40135
1.364 0.00397792 0.727012 6.64864 4.1844 0.401878
1.366 0.00414844 0.727042 6.64889 4.18468 0.402143
1.368 0.00424501 0.727061 6.64908 4.1848 0.402208
1.37 0.00429238 0.727072 6.64919 4.18488 0.402231
1.372 0.00434032 0.727076 6.64929 4.18495 0.40224
1.374 0.00437975 0.72708 6.64938 4.18501 0.402247
1.376 0.00441574 0.727084 6.64946 4.18505 0.402252
1.378 0.00443775 0.727087 6.64951 4.18509 0.402255
1.38 0.00445057 0.72709 6.64956 4.18512 0.402257
1.382 0.00446247 0.727093 6.64959 4.18515 0.402259
1.384 0.00447851 0.727095 6.64963 4.18517 0.40226
1.386 0.00449287 0.727098 6.64966 4.18519 0.402261
1.388 0.00450452 0.7271 6.64969 4.18521 0.402262
1.39 0.00451254 0.727102 6.64971 4.18523 0.402263
1.392 0.00452105 0.727104 6.64974 4.18525 0.402263
1.394 0.00453047 0.727105 6.64977 4.18526 0.402264
1.396 0.00453844 0.727107 6.64979 4.18528 0.402264
1.398 0.00454673 0.727108 6.64982 4.1853 0.402264
1.4 0.0045529 0.72711 6.64984 4.18531 0.402265
1.402 0.00455763 0.727111 6.64986 4.18532 0.402265
1.404 0.00456274 0.727113 6.64988 4.18533 0.402265
1.406 0.00456642 0.727114 6.64989 4.18534 0.402265
1.408 0.00456991 0.727116 6.6499 4.18535 0.402265
1.41 0.00457306 0.727117 6.64992 4.18536 0.402266
1.412 0.00457589 0.727119 6.64993 4.18537 0.402266
1.414 0.00457983 0.72712 6.64994 4.18538 0.402266
1.416 0.00458383 0.727122 6.64996 4.18539 0.402266
1.418 0.00458722 0.727124 6.64997 4.1854 0.402266
1.42 0.00459127 0.727125 6.64999 4.18541 0.402266
1.422 0.00459528 0.727127 6.65 4.18542 0.402266
1.424 0.00459855 0.727129 6.65001 4.18543 0.402266
1.426 0.00460212 0.727131 6.65003 4.18544 0.402266
1.428 0.00460536 0.727133 6.65004 4.18544 0.402267
1.43 0.00460784 0.727135 6.65005 4.18545 0.402267
1.432 0.0046102 0.727137 6.65006 4.18546 0.402267
1.434 0.0046124 0.727139 6.65007 4.18547 0.402267
1.436 0.00461407 0.727141 6.65008 4.18547 0.402267
1.438 0.00461587 0.727143 6.65009 4.18548 0.402267
1.44 0.00461762 0.727144 6.6501 4.18549 0.402267
1.442 0.00461906 0.727146 6.65011 4.18549 0.402267
1.444 0.00462054 0.727148 6.65012 4.1855 0.402267
1.446 0.00462207 0.72715 6.65013 4.1855 0.402267
1.448 0.00462339 0.727152 6.65014 4.18551 0.402267
1.45 0.00462459 0.727153 6.65015 4.18552 0.402267
1.452 0.00462594 0.727155 6.65016 4.18552 0.402267
1.454 0.00462718 0.727157 6.65017 4.18553 0.402267
1.456 0.00462819 0.727158 6.65017 4.18553 0.402267
1.458 0.00462932 0.72716 6.65018 4.18554 0.402267
1.46 0.0046304 0.727161 6.65019 4.18554 0.402267
1.462 0.00463126 0.727163 6.6502 4.18555 0.402267
1.464 0.00463221 0.727164 6.65021 4.18555 0.402267
1.466 0.00463318 0.727166 6.65021 4.18556 0.402267
1.468 0.00463398 0.727167 6.65022 4.18556 0.402268
1.47 0.00463484 0.727169 6.65023 4.18557 0.402268
1.472 0.00463578 0.72717 6.65024 4.18557 0.402268
1.474 0.00463658 0.727171 6.65024 4.18558 0.402268
1.476 0.00463737 0.727173 6.65025 4.18558 0.402268
1.478 0.00463826 0.727174 6.65026 4.18559 0.402268
1.48 0.00463902 0.727175 6.65026 4.18559 0.402268
1.482 0.00463975 0.727176 6.65027 4.1856 0.402268
1.484 0.00464059 0.727177 6.65028 4.1856 0.402268
1.486 0.00464132 0.727179 6.65029 4.18561 0.402268
1.488 0.00464201 0.72718 6.65029 4.18561 0.402268
1.49 0.00464282 0.727181 6.6503 4.18562 0.402268
1.492 0.00464354 0.727182 6.65031 4.18562 0.402268
1.494 0.0046442 0.727183 6.65031 4.18562 0.402268
1.496 0.00464495 0.727185 6.65032 4.18563 0.402268
1.498 0.00464561 0.727186 6.65033 4.18563 0.402268
1.5 0.00464619 0.727187 6.65033 4.18564 0.402268
1.502 0.00464685 0.727188 6.65034 4.18564 0.402268
1.504 0.00464744 0.727189 6.65035 4.18565 0.402268
1.506 0.00464795 0.72719 6.65035 4.18565 0.402268
1.508 0.00464854 0.727191 6.65036 4.18565 0.402268
1.51 0.00464909 0.727193 6.65036 4.18566 0.402268
1.512 0.00464955 0.727194 6.65037 4.18566 0.402268
1.514 0.00465007 0.727195 6.65038 4.18567 0.402268
1.516 0.00465057 0.727196 6.65038 4.18567 0.402268
1.518 0.00465098 0.727197 6.65039 4.18567 0.402268
1.52 0.00465142 0.727198 6.65039 4.18568 0.402268
1.522 0.00465185 0.727199 6.6504 4.18568 0.402268
1.524 0.00465221 0.727201 6.65041 4.18569 0.402268
1.526 0.00465256 0.727202 6.65041 4.18569 0.402268
1.528 0.00465293 0.727203 6.65042 4.18569 0.402268
1.53 0.00465326 0.727204 6.65042 4.1857 0.402268
1.532 0.00465355 0.727205 6.65043 4.1857 0.402268
1.534 0.00465385 0.727206 6.65044 4.1857 0.402268
1.536 0.00465414 0.727208 6.65044 4.18571 0.402268
1.538 0.00465438 0.727209 6.65045 4.18571 0.402268
1.54 0.00465461 0.72721 6.65045 4.18572 0.402268
1.542 0.00465483 0.727211 6.65046 4.18572 0.402268
1.544 0.00465502 0.727212 6.65047 4.18572 0.402268
1.546 0.00465518 0.727213 6.65047 4.18573 0.402268
1.548 0.00465533 0.727214 6.65048 4.18573 0.402268
1.55 0.00465547 0.727216 6.65048 4.18574 0.402268
1.552 0.00465559 0.727217 6.65049 4.18574 0.402268
1.554 0.0046557 0.727218 6.65049 4.18574 0.402268
1.556 0.0046558 0.727219 6.6505 4.18575 0.402268
1.558 0.0046559 0.72722 6.65051 4.18575 0.402268
1.56 0.00465599 0.727221 6.65051 4.18575 0.402268
1.562 0.00465609 0.727222 6.65052 4.18576 0.402268
1.564 0.00465618 0.727224 6.65052 4.18576 0.402268
1.566 0.00465627 0.727225 6.65053 4.18576 0.402268
1.568 0.00465636 0.727226 6.65053 4.18577 0.402268
1.57 0.00465646 0.727227 6.65054 4.18577 0.402268
1.572 0.00465655 0.727228 6.65055 4.18578 0.402268
1.574 0.00465665 0.727229 6.65055 4.18578 0.402268
1.576 0.00465674 0.72723 6.65056 4.18578 0.402268
1.578 0.00465684 0.727231 6.65056 4.18579 0.402268
1.58 0.00465693 0.727233 6.65057 4.18579 0.402268
1.582 0.00465702 0.727234 6.65057 4.18579 0.402268
1.584 0.00465711 0.727235 6.65058 4.1858 0.402268
1.586 0.00465719 0.727236 6.65058 4.1858 0.402268
1.588 0.00465727 0.727237 6.65059 4.18581 0.402268
1.59 0.00465736 0.727238 6.6506 4.18581 0.402268
1.592 0.00465744 0.727239 6.6506 4.18581 0.402268
1.594 0.00465752 0.72724 6.65061 4.18582 0.402268
1.596 0.0046576 0.727241 6.65061 4.18582 0.402268
1.598 0.00465767 0.727242 6.65062 4.18582 0.402268
1.6 0.00465775 0.727243 6.65062 4.18583 0.402268
1.602 0.00465782 0.727244 6.65063 4.18583 0.402268
1.604 0.00465789 0.727245 6.65063 4.18583 0.402268
1.606 0.00465797 0.727246 6.65064 4.18584 0.402268
1.608 0.00465804 0.727247 6.65065 4.18584 0.402268
1.61 0.00465811 0.727248 6.65065 4.18584 0.402268
1.612 0.00465818 0.727249 6.65066 4.18585 0.402268
1.614 0.00465825 0.72725 6.65066 4.18585 0.402268
1.616 0.00465831 0.727251 6.65067 4.18585 0.402268
1.618 0.00465838 0.727252 6.65067 4.18586 0.402268
1.62 0.00465844 0.727253 6.65068 4.18586 0.402268
1.622 0.0046585 0.727254 6.65068 4.18587 0.402268
1.624 0.00465856 0.727254 6.65069 4.18587 0.402268
1.626 0.00465862 0.727255 6.65069 4.18587 0.402268
1.628 0.00465868 0.727256 6.6507 4.18588 0.402268
1.63 0.00465873 0.727257 6.6507 4.18588 0.402268
1.632 0.00465878 0.727258 6.65071 4.18588 0.402268
1.634 0.00465884 0.727259 6.65071 4.18589 0.402268
1.636 0.00465889 0.72726 6.65072 4.18589 0.402268
1.638 0.00465895 0.727261 6.65073 4.18589 0.402268
1.64 0.00465901 0.727262 6.65073 4.1859 0.402268
1.642 0.00465908 0.727263 6.65074 4.1859 0.402268
1.644 0.00465914 0.727264 6.65074 4.1859 0.402268
1.646 0.00465922 0.727265 6.65075 4.18591 0.402268
1.648 0.00465929 0.727266 6.65075 4.18591 0.402268
1.65 0.00465937 0.727267 6.65076 4.18591 0.402268
1.652 0.00465947 0.727268 6.65076 4.18592 0.402268
1.654 0.00465957 0.727269 6.65077 4.18592 0.402268
1.656 0.00465968 0.72727 6.65077 4.18593 0.402268
1.658 0.0046598 0.727271 6.65078 4.18593 0.402268
1.66 0.00465993 0.727272 6.65079 4.18593 0.402268
1.662 0.00466006 0.727273 6.65079 4.18594 0.402268
1.664 0.0046602 0.727275 6.6508 4.18594 0.402268
1.666 0.00466034 0.727276 6.6508 4.18595 0.402268
1.668 0.00466049 0.727277 6.65081 4.18595 0.402268
1.67 0.00466064 0.727279 6.65082 4.18595 0.402268
1.672 0.00466078 0.72728 6.65082 4.18596 0.402268
1.674 0.00466093 0.727281 6.65083 4.18596 0.402268
1.676 0.00466107 0.727283 6.65084 4.18597 0.402268
1.678 0.00466121 0.727284 6.65084 4.18597 0.402268
1.68 0.00466135 0.727286 6.65085 4.18597 0.402268
1.682 0.00466148 0.727287 6.65085 4.18598 0.402268
1.684 0.00466159 0.727288 6.65086 4.18598 0.402268
1.686 0.00466168 0.72729 6.65087 4.18599 0.402268
1.688 0.00466177 0.727291 6.65087 4.18599 0.402268
1.69 0.00466184 0.727292 6.65088 4.186 0.402268
1.692 0.00466191 0.727293 6.65088 4.186 0.402268
1.694 0.00466198 0.727294 6.65089 4.186 0.402268
1.696 0.00466204 0.727295 6.6509 4.18601 0.402268
1.698 0.0046621 0.727296 6.6509 4.18601 0.402268
1.7 0.00466215 0.727297 6.65091 4.18601 0.402268
1.702 0.0046622 0.727298 6.65091 4.18602 0.402268
1.704 0.00466226 0.727299 6.65092 4.18602 0.402268
1.706 0.00466231 0.7273 6.65092 4.18602 0.402268
1.708 0.00466236 0.727301 6.65093 4.18603 0.402268
1.71 0.0046624 0.727302 6.65093 4.18603 0.402268
1.712 0.00466245 0.727303 6.65094 4.18604 0.402268
1.714 0.0046625 0.727304 6.65094 4.18604 0.402268
1.716 0.00466255 0.727305 6.65095 4.18604 0.402268
1.718 0.00466259 0.727306 6.65096 4.18605 0.402268
1.72 0.00466264 0.727307 6.65096 4.18605 0.402268
1.722 0.00466268 0.727308 6.65097 4.18605 0.402268
1.724 0.00466273 0.727309 6.65097 4.18606 0.402268
1.726 0.00466277 0.72731 6.65098 4.18606 0.402268
1.728 0.00466281 0.727311 6.65098 4.18606 0.402268
1.73 0.00466285 0.727312 6.65099 4.18607 0.402268
1.732 0.00466289 0.727313 6.65099 4.18607 0.402268
1.734 0.00466293 0.727314 6.651 4.18607 0.402268
1.736 0.00466297 0.727315 6.651 4.18608 0.402268
1.738 0.004663 0.727316 6.65101 4.18608 0.402268
1.74 0.00466304 0.727317 6.65102 4.18608 0.402268
1.742 0.00466308 0.727317 6.65102 4.18609 0.402268
1.744 0.00466312 0.727318 6.65103 4.18609 0.402268
1.746 0.00466316 0.727319 6.65103 4.1861 0.402268
1.748 0.00466319 0.72732 6.65104 4.1861 0.402268
1.75 0.00466323 0.727321 6.65104 4.1861 0.402268
1.752 0.00466326 0.727322 6.65105 4.18611 0.402268
1.754 0.00466329 0.727323 6.65105 4.18611 0.402268
1.756 0.00466332 0.727324 6.65106 4.18611 0.402268
1.758 0.00466335 0.727325 6.65106 4.18612 0.402268
1.76 0.00466337 0.727326 6.65107 4.18612 0.402268
1.762 0.0046634 0.727327 6.65107 4.18612 0.402268
1.764 0.00466343 0.727328 6.65108 4.18613 0.402268
1.766 0.00466346 0.727329 6.65108 4.18613 0.402268
1.768 0.00466349 0.727329 6.65109 4.18613 0.402268
1.77 0.00466352 0.72733 6.6511 4.18614 0.402268
1.772 0.00466354 0.727331 6.6511 4.18614 0.402268
1.774 0.00466357 0.727332 6.65111 4.18614 0.402268
1.776 0.0046636 0.727333 6.65111 4.18615 0.402268
1.778 0.00466363 0.727334 6.65112 4.18615 0.402268
1.78 0.00466366 0.727335 6.65112 4.18615 0.402268
1.782 0.00466369 0.727336 6.65113 4.18616 0.402268
1.784 0.00466372 0.727337 6.65113 4.18616 0.402268
1.786 0.00466374 0.727338 6.65114 4.18616 0.402268
1.788 0.00466377 0.727338 6.65114 4.18617 0.402268
1.79 0.0046638 0.727339 6.65115 4.18617 0.402268
1.792 0.00466383 0.72734 6.65115 4.18617 0.402268
1.794 0.00466386 0.727341 6.65116 4.18618 0.402268
1.796 0.00466388 0.727342 6.65116 4.18618 0.402268
1.798 0.00466391 0.727343 6.65117 4.18618 0.402268
1.8 0.00466394 0.727344 6.65118 4.18619 0.402268
1.802 0.00466397 0.727345 6.65118 4.18619 0.402268
1.804 0.00466399 0.727346 6.65119 4.18619 0.402268
1.806 0.00466402 0.727347 6.65119 4.1862 0.402268
1.808 0.00466405 0.727347 6.6512 4.1862 0.402268
1.81 0.00466408 0.727348 6.6512 4.1862 0.402268
1.812 0.00466411 0.727349 6.65121 4.18621 0.402268
1.814 0.00466413 0.72735 6.65121 4.18621 0.402268
1.816 0.00466416 0.727351 6.65122 4.18622 0.402268
1.818 0.00466419 0.727352 6.65122 4.18622 0.402268
1.82 0.00466422 0.727353 6.65123 4.18622 0.402268
1.822 0.00466425 0.727354 6.65123 4.18623 0.402268
1.824 0.00466428 0.727355 6.65124 4.18623 0.402268
1.826 0.00466431 0.727356 6.65124 4.18623 0.402268
1.828 0.00466433 0.727356 6.65125 4.18624 0.402268
1.83 0.00466436 0.727357 6.65125 4.18624 0.402268
1.832 0.00466439 0.727358 6.65126 4.18624 0.402268
1.834 0.00466442 0.727359 6.65127 4.18625 0.402268
1.836 0.00466445 0.72736 6.65127 4.18625 0.402268
1.838 0.00466448 0.727361 6.65128 4.18625 0.402268
1.84 0.00466451 0.727362 6.65128 4.18626 0.402268
1.842 0.00466454 0.727363 6.65129 4.18626 0.402268
1.844 0.00466457 0.727364 6.65129 4.18626 0.402268
1.846 0.00466461 0.727365 6.6513 4.18627 0.402268
1.848 0.00466464 0.727365 6.6513 4.18627 0.402268
1.85 0.00466467 0.727366 6.65131 4.18627 0.402268
1.852 0.0046647 0.727367 6.65131 4.18628 0.402268
1.854 0.00466473 0.727368 6.65132 4.18628 0.402268
1.856 0.00466476 0.727369 6.65132 4.18628 0.402268
1.858 0.00466479 0.72737 6.65133 4.18629 0.402268
1.86 0.00466482 0.727371 6.65133 4.18629 0.402268
1.862 0.00466485 0.727372 6.65134 4.18629 0.402268
1.864 0.00466488 0.727373 6.65135 4.1863 0.402268
1.866 0.00466491 0.727374 6.65135 4.1863 0.402268
1.868 0.00466494 0.727374 6.65136 4.1863 0.402268
1.87 0.00466497 0.727375 6.65136 4.18631 0.402268
1.872 0.004665 0.727376 6.65137 4.18631 0.402268
1.874 0.00466503 0.727377 6.65137 4.18631 0.402268
1.876 0.00466506 0.727378 6.65138 4.18632 0.402268
1.878 0.00466509 0.727379 6.65138 4.18632 0.402268
1.88 0.00466512 0.72738 6.65139 4.18632 0.402268
1.882 0.00466515 0.727381 6.65139 4.18633 0.402268
1.884 0.00466518 0.727382 6.6514 4.18633 0.402268
1.886 0.00466521 0.727383 6.6514 4.18633 0.402268
1.888 0.00466524 0.727384 6.65141 4.18634 0.402268
1.89 0.00466527 0.727385 6.65142 4.18634 0.402268
1.892 0.00466531 0.727385 6.65142 4.18634 0.402268
1.894 0.00466534 0.727386 6.65143 4.18635 0.402268
1.896 0.00466537 0.727387 6.65143 4.18635 0.402268
1.898 0.0046654 0.727388 6.65144 4.18636 0.402268
1.9 0.00466543 0.727389 6.65144 4.18636 0.402268
1.902 0.00466547 0.72739 6.65145 4.18636 0.402268
1.904 0.0046655 0.727391 6.65145 4.18637 0.402268
1.906 0.00466553 0.727392 6.65146 4.18637 0.402268
1.908 0.00466556 0.727393 6.65146 4.18637 0.402268
1.91 0.00466559 0.727394 6.65147 4.18638 0.402268
1.912 0.00466562 0.727395 6.65147 4.18638 0.402268
1.914 0.00466565 0.727396 6.65148 4.18638 0.402268
1.916 0.00466569 0.727397 6.65148 4.18639 0.402268
1.918 0.00466572 0.727397 6.65149 4.18639 0.402268
1.92 0.00466575 0.727398 6.6515 4.18639 0.402268
1.922 0.00466578 0.727399 6.6515 4.1864 0.402268
1.924 0.00466581 0.7274 6.65151 4.1864 0.402268
1.926 0.00466584 0.727401 6.65151 4.1864 0.402268
1.928 0.00466587 0.727402 6.65152 4.18641 0.402268
1.93 0.0046659 0.727403 6.65152 4.18641 0.402268
1.932 0.00466593 0.727404 6.65153 4.18641 0.402268
1.934 0.00466597 0.727405 6.65153 4.18642 0.402268
1.936 0.004666 0.727406 6.65154 4.18642 0.402268
1.938 0.00466603 0.727407 6.65154 4.18642 0.402268
1.94 0.00466606 0.727408 6.65155 4.18643 0.402268
1.942 0.00466609 0.727409 6.65156 4.18643 0.402268
1.944 0.00466613 0.72741 6.65156 4.18643 0.402268
1.946 0.00466616 0.727411 6.65157 4.18644 0.402268
1.948 0.00466619 0.727412 6.65157 4.18644 0.402268
1.95 0.00466622 0.727413 6.65158 4.18644 0.402268
1.952 0.00466625 0.727413 6.65158 4.18645 0.402268
1.954 0.00466629 0.727414 6.65159 4.18645 0.402268
1.956 0.00466632 0.727415 6.65159 4.18646 0.402268
1.958 0.00466635 0.727416 6.6516 4.18646 0.402268
1.96 0.00466638 0.727417 6.6516 4.18646 0.402268
1.962 0.00466642 0.727418 6.65161 4.18647 0.402268
1.964 0.00466645 0.727419 6.65162 4.18647 0.402268
1.966 0.00466648 0.72742 6.65162 4.18647 0.402268
1.968 0.00466651 0.727421 6.65163 4.18648 0.402268
1.97 0.00466654 0.727422 6.65163 4.18648 0.402268
1.972 0.00466658 0.727423 6.65164 4.18648 0.402268
1.974 0.00466661 0.727424 6.65164 4.18649 0.402268
1.976 0.00466664 0.727425 6.65165 4.18649 0.402268
1.978 0.00466667 0.727426 6.65165 4.18649 0.402268
1.98 0.0046667 0.727427 6.65166 4.1865 0.402268
1.982 0.00466673 0.727428 6.65166 4.1865 0.402268
1.984 0.00466676 0.727429 6.65167 4.1865 0.402268
1.986 0.00466679 0.72743 6.65168 4.18651 0.402268
1.988 0.00466683 0.727431 6.65168 4.18651 0.402268
1.99 0.00466686 0.727432 6.65169 4.18651 0.402268
1.992 0.00466689 0.727433 6.65169 4.18652 0.402268
1.994 0.00466692 0.727434 6.6517 4.18652 0.402268
1.996 0.00466695 0.727435 6.6517 4.18653 0.402268
1.998 0.00466698 0.727436 6.65171 4.18653 0.402268
2 0.00466701 0.727437 6.65171 4.18653 0.402268
2.002 0.00466704 0.727438 6.65172 4.18654 0.402268
2.004 0.00466707 0.727439 6.65172 4.18654 0.402268
2.006 0.00466711 0.727439 6.65173 4.18654 0.402268
2.008 0.00466714 0.72744 6.65174 4.18655 0.402268
2.01 0.00466717 0.727441 6.65174 4.18655 0.402268
2.012 0.0046672 0.727442 6.65175 4.18655 0.402268
2.014 0.00466723 0.727443 6.65175 4.18656 0.402268
2.016 0.00466726 0.727444 6.65176 4.18656 0.402268
2.018 0.00466729 0.727445 6.65176 4.18656 0.402268
2.02 0.00466732 0.727446 6.65177 4.18657 0.402268
2.022 0.00466736 0.727447 6.65177 4.18657 0.402268
2.024 0.00466739 0.727448 6.65178 4.18657 0.402268
2.026 0.00466742 0.727449 6.65179 4.18658 0.402268
2.028 0.00466745 0.72745 6.65179 4.18658 0.402268
2.03 0.00466748 0.727451 6.6518 4.18658 0.402268
2.032 0.00466751 0.727452 6.6518 4.18659 0.402268
2.034 0.00466754 0.727453 6.65181 4.18659 0.402268
2.036 0.00466758 0.727454 6.65181 4.1866 0.402268
2.038 0.00466761 0.727455 6.65182 4.1866 0.402268
2.04 0.00466764 0.727456 6.65182 4.1866 0.402268
2.042 0.00466767 0.727457 6.65183 4.18661 0.402268
2.044 0.0046677 0.727458 6.65184 4.18661 0.402268
2.046 0.00466774 0.727459 6.65184 4.18661 0.402268
2.048 0.00466777 0.72746 6.65185 4.18662 0.402268
2.05 0.0046678 0.727461 6.65185 4.18662 0.402268
2.052 0.00466783 0.727462 6.65186 4.18662 0.402268
2.054 0.00466786 0.727463 6.65186 4.18663 0.402268
2.056 0.00466789 0.727464 6.65187 4.18663 0.402268
2.058 0.00466792 0.727465 6.65187 4.18663 0.402268
2.06 0.00466795 0.727466 6.65188 4.18664 0.402268
2.062 0.00466798 0.727467 6.65189 4.18664 0.402268
2.064 0.00466801 0.727468 6.65189 4.18665 0.402268
2.066 0.00466804 0.727469 6.6519 4.18665 0.402268
2.068 0.00466807 0.72747 6.6519 4.18665 0.402268
2.07 0.0046681 0.727471 6.65191 4.18666 0.402268
2.072 0.00466813 0.727472 6.65191 4.18666 0.402268
2.074 0.00466816 0.727473 6.65192 4.18666 0.402268
2.076 0.00466819 0.727474 6.65193 4.18667 0.402268
2.078 0.00466823 0.727475 6.65193 4.18667 0.402268
2.08 0.00466826 0.727476 6.65194 4.18667 0.402268
2.082 0.00466829 0.727477 6.65194 4.18668 0.402268
2.084 0.00466832 0.727478 6.65195 4.18668 0.402268
2.086 0.00466835 0.727479 6.65195 4.18668 0.402268
2.088 0.00466838 0.72748 6.65196 4.18669 0.402268
2.09 0.00466841 0.727481 6.65196 4.18669 0.402268
2.092 0.00466844 0.727483 6.65197 4.1867 0.402268
2.094 0.00466846 0.727484 6.65198 4.1867 0.402268
2.096 0.00466849 0.727485 6.65198 4.1867 0.402268
2.098 0.00466852 0.727486 6.65199 4.18671 0.402268
2.1 0.00466855 0.727487 6.65199 4.18671 0.402268
2.102 0.00466858 0.727488 6.652 4.18671 0.402268
2.104 0.00466861 0.727489 6.652 4.18672 0.402268
2.106 0.00466864 0.72749 6.65201 4.18672 0.402268
2.108 0.00466867 0.727491 6.65202 4.18672 0.402268
2.11 0.0046687 0.727492 6.65202 4.18673 0.402268
2.112 0.00466873 0.727493 6.65203 4.18673 0.402268
2.114 0.00466876 0.727494 6.65203 4.18674 0.402268
2.116 0.00466879 0.727495 6.65204 4.18674 0.402268
2.118 0.00466882 0.727496 6.65204 4.18674 0.402268
2.12 0.00466885 0.727497 6.65205 4.18675 0.402268
2.122 0.00466888 0.727498 6.65205 4.18675 0.402268
2.124 0.00466891 0.727499 6.65206 4.18675 0.402268
2.126 0.00466894 0.7275 6.65207 4.18676 0.402268
2.128 0.00466897 0.727501 6.65207 4.18676 0.402268
2.13 0.00466899 0.727502 6.65208 4.18676 0.402268
2.132 0.00466902 0.727503 6.65208 4.18677 0.402268
2.134 0.00466905 0.727504 6.65209 4.18677 0.402268
2.136 0.00466908 0.727505 6.65209 4.18677 0.402268
2.138 0.00466911 0.727506 6.6521 4.18678 0.402268
2.14 0.00466914 0.727507 6.65211 4.18678 0.402268
2.142 0.00466917 0.727508 6.65211 4.18679 0.402268
2.144 0.0046692 0.727509 6.65212 4.18679 0.402268
2.146 0.00466923 0.72751 6.65212 4.18679 0.402268
2.148 0.00466926 0.727511 6.65213 4.1868 0.402268
2.15 0.00466929 0.727512 6.65213 4.1868 0.402268
2.152 0.00466932 0.727513 6.65214 4.1868 0.402268
2.154 0.00466935 0.727514 6.65215 4.18681 0.402268
2.156 0.00466938 0.727515 6.65215 4.18681 0.402268
2.158 0.00466941 0.727516 6.65216 4.18681 0.402268
2.16 0.00466944 0.727517 6.65216 4.18682 0.402268
2.162 0.00466947 0.727518 6.65217 4.18682 0.402268
2.164 0.0046695 0.727519 6.65217 4.18683 0.402268
2.166 0.00466953 0.72752 6.65218 4.18683 0.402268
2.168 0.00466956 0.727521 6.65218 4.18683 0.402268
2.17 0.00466959 0.727523 6.65219 4.18684 0.402268
2.172 0.00466962 0.727524 6.6522 4.18684 0.402268
2.174 0.00466965 0.727525 6.6522 4.18684 0.402268
2.176 0.00466968 0.727526 6.65221 4.18685 0.402268
2.178 0.0046697 0.727527 6.65221 4.18685 0.402268
2.18 0.00466973 0.727528 6.65222 4.18685 0.402268
2.182 0.00466976 0.727529 6.65222 4.18686 0.402268
2.184 0.00466979 0.72753 6.65223 4.18686 0.402268
2.186 0.00466982 0.727531 6.65224 4.18686 0.402268
2.188 0.00466985 0.727532 6.65224 4.18687 0.402268
2.19 0.00466988 0.727533 6.65225 4.18687 0.402268
2.192 0.00466991 0.727534 6.65225 4.18688 0.402268
2.194 0.00466994 0.727535 6.65226 4.18688 0.402268
2.196 0.00466997 0.727536 6.65226 4.18688 0.402268
2.198 0.00467 0.727537 6.65227 4.18689 0.402268
2.2 0.00467003 0.727538 6.65228 4.18689 0.402268
2.202 0.00467006 0.727539 6.65228 4.18689 0.402268
2.204 0.00467009 0.72754 6.65229 4.1869 0.402268
2.206 0.00467012 0.727541 6.65229 4.1869 0.402268
2.208 0.00467015 0.727542 6.6523 4.1869 0.402268
2.21 0.00467018 0.727543 6.65231 4.18691 0.402268
2.212 0.00467021 0.727544 6.65231 4.18691 0.402268
2.214 0.00467024 0.727546 6.65232 4.18692 0.402268
2.216 0.00467027 0.727547 6.65232 4.18692 0.402268
2.218 0.0046703 0.727548 6.65233 4.18692 0.402268
2.22 0.00467033 0.727549 6.65233 4.18693 0.402268
2.222 0.00467035 0.72755 6.65234 4.18693 0.402268
2.224 0.00467038 0.727551 6.65235 4.18693 0.402268
2.226 0.00467041 0.727552 6.65235 4.18694 0.402268
2.228 0.00467044 0.727553 6.65236 4.18694 0.402268
2.23 0.00467047 0.727554 6.65236 4.18695 0.402268
2.232 0.0046705 0.727555 6.65237 4.18695 0.402268
2.234 0.00467053 0.727556 6.65237 4.18695 0.402268
2.236 0.00467055 0.727557 6.65238 4.18696 0.402268
2.238 0.00467058 0.727558 6.65239 4.18696 0.402268
2.24 0.00467061 0.72756 6.65239 4.18696 0.402268
2.242 0.00467064 0.727561 6.6524 4.18697 0.402268
2.244 0.00467067 0.727562 6.6524 4.18697 0.402268
2.246 0.0046707 0.727563 6.65241 4.18697 0.402268
2.248 0.00467073 0.727564 6.65242 4.18698 0.402268
2.25 0.00467075 0.727565 6.65242 4.18698 0.402268
2.252 0.00467078 0.727566 6.65243 4.18699 0.402268
2.254 0.00467081 0.727567 6.65243 4.18699 0.402268
2.256 0.00467084 0.727568 6.65244 4.18699 0.402268
2.258 0.00467087 0.727569 6.65244 4.187 0.402268
2.26 0.00467089 0.72757 6.65245 4.187 0.402268
2.262 0.00467092 0.727571 6.65246 4.187 0.402268
2.264 0.00467095 0.727572 6.65246 4.18701 0.402268
2.266 0.00467097 0.727574 6.65247 4.18701 0.402268
2.268 0.004671 0.727575 6.65247 4.18702 0.402268
2.27 0.00467103 0.727576 6.65248 4.18702 0.402268
2.272 0.00467106 0.727577 6.65249 4.18702 0.402268
2.274 0.00467108 0.727578 6.65249 4.18703 0.402268
2.276 0.00467111 0.727579 6.6525 4.18703 0.402268
2.278 0.00467114 0.72758 6.6525 4.18703 0.402268
2.28 0.00467117 0.727581 6.65251 4.18704 0.402268
2.282 0.00467119 0.727582 6.65251 4.18704 0.402268
2.284 0.00467122 0.727583 6.65252 4.18705 0.402268
2.286 0.00467125 0.727584 6.65253 4.18705 0.402268
2.288 0.00467127 0.727585 6.65253 4.18705 0.402268
2.29 0.0046713 0.727587 6.65254 4.18706 0.402268
2.292 0.00467133 0.727588 6.65254 4.18706 0.402268
2.294 0.00467136 0.727589 6.65255 4.18706 0.402268
2.296 0.00467138 0.72759 6.65256 4.18707 0.402268
2.298 0.00467141 0.727591 6.65256 4.18707 0.402268
2.3 0.00467144 0.727592 6.65257 4.18707 0.402268
2.302 0.00467146 0.727593 6.65257 4.18708 0.402268
2.304 0.00467149 0.727594 6.65258 4.18708 0.402268
2.306 0.00467152 0.727595 6.65258 4.18709 0.402268
2.308 0.00467154 0.727596 6.65259 4.18709 0.402268
2.31 0.00467157 0.727597 6.6526 4.18709 0.402268
2.312 0.0046716 0.727598 6.6526 4.1871 0.402268
2.314 0.00467163 0.727599 6.65261 4.1871 0.402268
2.316 0.00467165 0.727601 6.65261 4.1871 0.402268
2.318 0.00467168 0.727602 6.65262 4.18711 0.402268
2.32 0.00467171 0.727603 6.65263 4.18711 0.402268
2.322 0.00467173 0.727604 6.65263 4.18712 0.402268
2.324 0.00467176 0.727605 6.65264 4.18712 0.402268
2.326 0.00467179 0.727606 6.65264 4.18712 0.402268
2.328 0.00467181 0.727607 6.65265 4.18713 0.402268
2.33 0.00467184 0.727608 6.65266 4.18713 0.402268
2.332 0.00467187 0.727609 6.65266 4.18713 0.402268
2.334 0.0046719 0.72761 6.65267 4.18714 0.402268
2.336 0.00467192 0.727611 6.65267 4.18714 0.402268
2.338 0.00467195 0.727612 6.65268 4.18715 0.402268
2.34 0.00467198 0.727614 6.65268 4.18715 0.402268
2.342 0.004672 0.727615 6.65269 4.18715 0.402268
2.344 0.00467203 0.727616 6.6527 4.18716 0.402268
2.346 0.00467206 0.727617 6.6527 4.18716 0.402268
2.348 0.00467208 0.727618 6.65271 4.18716 0.402268
2.35 0.00467211 0.727619 6.65271 4.18717 0.402268
2.352 0.00467214 0.72762 6.65272 4.18717 0.402268
2.354 0.00467217 0.727621 6.65273 4.18718 0.402268
2.356 0.0046722 0.727622 6.65273 4.18718 0.402268
2.358 0.00467222 0.727623 6.65274 4.18718 0.402268
2.36 0.00467225 0.727624 6.65274 4.18719 0.402268
2.362 0.00467228 0.727625 6.65275 4.18719 0.402268
2.364 0.0046723 0.727627 6.65276 4.18719 0.402268
2.366 0.00467233 0.727628 6.65276 4.1872 0.402268
2.368 0.00467236 0.727629 6.65277 4.1872 0.402268
2.37 0.00467239 0.72763 6.65277 4.18721 0.402268
2.372 0.00467241 0.727631 6.65278 4.18721 0.402268
2.374 0.00467244 0.727632 6.65279 4.18721 0.402268
2.376 0.00467247 0.727633 6.65279 4.18722 0.402268
2.378 0.00467249 0.727634 6.6528 4.18722 0.402268
2.38 0.00467252 0.727635 6.6528 4.18722 0.402268
2.382 0.00467255 0.727636 6.65281 4.18723 0.402268
2.384 0.00467257 0.727637 6.65282 4.18723 0.402268
2.386 0.0046726 0.727638 6.65282 4.18724 0.402268
2.388 0.00467263 0.727639 6.65283 4.18724 0.402268
2.39 0.00467265 0.727641 6.65283 4.18724 0.402268
2.392 0.00467268 0.727642 6.65284 4.18725 0.402268
2.394 0.00467271 0.727643 6.65284 4.18725 0.402268
2.396 0.00467273 0.727644 6.65285 4.18725 0.402268
2.398 0.00467276 0.727645 6.65286 4.18726 0.402268
2.4 0.00467278 0.727646 6.65286 4.18726 0.402268
2.402 0.00467281 0.727647 6.65287 4.18727 0.402268
2.404 0.00467284 0.727648 6.65287 4.18727 0.402268
2.406 0.00467286 0.727649 6.65288 4.18727 0.402268
2.408 0.00467289 0.72765 6.65289 4.18728 0.402268
2.41 0.00467292 0.727651 6.65289 4.18728 0.402268
2.412 0.00467294 0.727652 6.6529 4.18728 0.402268
2.414 0.00467297 0.727654 6.6529 4.18729 0.402268
2.416 0.004673 0.727655 6.65291 4.18729 0.402268
2.418 0.00467302 0.727656 6.65292 4.1873 0.402268
2.42 0.00467305 0.727657 6.65292 4.1873 0.402268
2.422 0.00467307 0.727658 6.65293 4.1873 0.402268
2.424 0.0046731 0.727659 6.65293 4.18731 0.402268
2.426 0.00467313 0.72766 6.65294 4.18731 0.402268
2.428 0.00467315 0.727661 6.65295 4.18731 0.402268
2.43 0.00467318 0.727662 6.65295 4.18732 0.402268
2.432 0.00467321 0.727663 6.65296 4.18732 0.402268
2.434 0.00467323 0.727664 6.65297 4.18733 0.402268
2.436 0.00467326 0.727665 6.65297 4.18733 0.402268
2.438 0.00467328 0.727667 6.65298 4.18733 0.402268
2.44 0.00467331 0.727668 6.65298 4.18734 0.402268
2.442 0.00467334 0.727669 6.65299 4.18734 0.402268
2.444 0.00467336 0.72767 6.653 4.18735 0.402268
2.446 0.00467339 0.727671 6.653 4.18735 0.402268
2.448 0.00467342 0.727672 6.65301 4.18735 0.402268
2.45 0.00467344 0.727673 6.65301 4.18736 0.402268
2.452 0.00467347 0.727674 6.65302 4.18736 0.402268
2.454 0.00467349 0.727675 6.65303 4.18736 0.402268
2.456 0.00467352 0.727676 6.65303 4.18737 0.402268
2.458 0.00467355 0.727677 6.65304 4.18737 0.402268
2.46 0.00467357 0.727678 6.65304 4.18738 0.402268
2.462 0.0046736 0.727679 6.65305 4.18738 0.402268
2.464 0.00467363 0.72768 6.65306 4.18738 0.402268
2.466 0.00467365 0.727682 6.65306 4.18739 0.402268
2.468 0.00467368 0.727683 6.65307 4.18739 0.402268
2.47 0.00467371 0.727684 6.65307 4.18739 0.402268
2.472 0.00467373 0.727685 6.65308 4.1874 0.402268
2.474 0.00467376 0.727686 6.65309 4.1874 0.402268
2.476 0.00467379 0.727687 6.65309 4.18741 0.402268
2.478 0.00467381 0.727688 6.6531 4.18741 0.402268
2.48 0.00467384 0.727689 6.6531 4.18741 0.402268
2.482 0.00467386 0.72769 6.65311 4.18742 0.402268
2.484 0.00467389 0.727691 6.65312 4.18742 0.402268
2.486 0.00467392 0.727692 6.65312 4.18743 0.402268
2.488 0.00467394 0.727693 6.65313 4.18743 0.402268
2.49 0.00467397 0.727694 6.65313 4.18743 0.402268
2.492 0.004674 0.727695 6.65314 4.18744 0.402268
2.494 0.00467402 0.727697 6.65315 4.18744 0.402268
2.496 0.00467405 0.727698 6.65315 4.18744 0.402268
2.498 0.00467408 0.727699 6.65316 4.18745 0.402268
2.5 0.0046741 0.7277 6.65317 4.18745 0.402268
