0.04 0 0 0
0.04 0 0 0
0.04 -0 -0 0
0.0506667 -0 -0 0
0.0506667 0 0 0
0.0506667 -0 -0 0
0.0613333 -0 -0 0
0.0613333 0 0 0
0.0613333 -0 -0 0.0823744
0.072 -0 -0 0.0823744
0.072 0 0 0
0.072 -0.000118198 0.149448 0.710239
0.0826667 -0.000118198 0.149448 0.710239
0.0826667 0 0 0
0.0826667 0.000713634 0.378058 1.53787
0.0933333 0.000713634 0.378058 1.53787
0.0933333 0 0 0
0.0933333 0.00334366 0.529841 2.89925
0.104 0.00334366 0.529841 2.89925
0.104 0 0 0
0.104 0.00390549 0.931153 5.02939
0.114667 0.00390549 0.931153 5.02939
0.114667 0 0 0
0.114667 3.32668 4.43794 8.43445
0.125333 3.32668 4.43794 8.43445
0.125333 0 0 0
0.125333 -0 -0 7.45535
0.136 -0 -0 7.45535
0.136 0 0 0
0.136 -0 -0 16.7682
0.146667 -0 -0 16.7682
0.146667 0 0 0
0.146667 -3.18127e-05 3.31139 34.3336
0.157333 -3.18127e-05 3.31139 34.3336
0.157333 0 0 0
0.157333 0.00486561 0.107243 18.206
0.168 0.00486561 0.107243 18.206
0.168 0 0 0
0.168 0.00700011 0.0607333 16.5357
0.178667 0.00700011 0.0607333 16.5357
0.178667 0 0 0
0.178667 0.00407253 -0.0488321 11.879
0.189333 0.00407253 -0.0488321 11.879
0.189333 0 0 0
0.189333 0.00314925 0.00305752 10.338
0.2 0.00314925 0.00305752 10.338
0.2 0 0 0
0.2 0.00314925 0.00305752 10.338
0.210667 0.00314925 0.00305752 10.338
0.210667 0 0 0
0.210667 0.00407253 -0.0488321 11.879
0.221333 0.00407253 -0.0488321 11.879
0.221333 0 0 0
0.221333 0.00700011 0.0607333 16.5357
0.232 0.00700011 0.0607333 16.5357
0.232 0 0 0
0.232 0.00486561 0.107243 18.206
0.242667 0.00486561 0.107243 18.206
0.242667 0 0 0
0.242667 -3.18127e-05 3.31139 34.3336
0.253333 -3.18127e-05 3.31139 34.3336
0.253333 0 0 0
0.253333 -0 -0 16.7682
0.264 -0 -0 16.7682
0.264 0 0 0
0.264 -0 -0 7.45535
0.274667 -0 -0 7.45535
0.274667 0 0 0
0.274667 3.32668 4.43794 8.43445
0.285333 3.32668 4.43794 8.43445
0.285333 0 0 0
0.285333 0.00390549 0.931153 5.02939
0.296 0.00390549 0.931153 5.02939
0.296 0 0 0
0.296 0.00334366 0.529841 2.89925
0.306667 0.00334366 0.529841 2.89925
0.306667 0 0 0
0.306667 0.000713634 0.378058 1.53787
0.317333 0.000713634 0.378058 1.53787
0.317333 0 0 0
0.317333 -0.000118198 0.149448 0.710239
0.328 -0.000118198 0.149448 0.710239
0.328 0 0 0
0.328 -0 -0 0.0823744
0.338667 -0 -0 0.0823744
0.338667 0 0 0
0.338667 -0 -0 0
0.349333 -0 -0 0
0.349333 0 0 0
0.349333 -0 -0 0
0.36 0 0 0
