0.04 0 0 0
0.04 0 0 0
0.04 -0 -0 0.0274581
0.072 -0 -0 0.0274581
0.072 0 0 0
0.072 0.00131303 0.352449 1.71579
0.104 0.00131303 0.352449 1.71579
0.104 0 0 0
0.104 1.1102 1.7897 6.97306
0.136 1.1102 1.7897 6.97306
0.136 0 0 0
0.136 0.00161127 1.13954 23.1026
0.168 0.00161127 1.13954 23.1026
0.168 0 0 0
0.168 0.00474063 0.00498624 12.9175
0.2 0.00474063 0.00498624 12.9175
0.2 0 0 0
0.2 0.00474063 0.00498624 12.9175
0.232 0.00474063 0.00498624 12.9175
0.232 0 0 0
0.232 0.00161127 1.13954 23.1026
0.264 0.00161127 1.13954 23.1026
0.264 0 0 0
0.264 1.1102 1.7897 6.97306
0.296 1.1102 1.7897 6.97306
0.296 0 0 0
0.296 0.00131303 0.352449 1.71579
0.328 0.00131303 0.352449 1.71579
0.328 0 0 0
0.328 -0 -0 0.0274581
0.36 0 0 0
