0.0506667 -0 -0 0
0.0613333 -0 -0 0
0.072 -0 -0 2.19665e-06
0.0826667 -3.15196e-09 3.98529e-06 1.89397e-05
0.0933333 1.90302e-08 1.00816e-05 4.10098e-05
0.104 8.91643e-08 1.41291e-05 7.73133e-05
0.114667 1.04146e-07 2.48307e-05 0.000134117
0.125333 8.87115e-05 0.000118345 0.000224919
0.136 -0 -0 0.000198809
0.146667 -0 -0 0.000447153
0.157333 -8.4834e-10 8.83038e-05 0.000915562
0.168 1.2975e-07 2.8598e-06 0.000485495
0.178667 1.8667e-07 1.61956e-06 0.000440951
0.189333 1.08601e-07 -1.30219e-06 0.000316772
0.2 8.39799e-08 8.15338e-08 0.00027568
0.210667 8.39799e-08 8.15338e-08 0.00027568
0.221333 1.08601e-07 -1.30219e-06 0.000316772
0.232 1.8667e-07 1.61956e-06 0.000440951
0.242667 1.2975e-07 2.8598e-06 0.000485495
0.253333 -8.48338e-10 8.83038e-05 0.000915562
0.264 -0 -0 0.000447153
0.274667 -0 -0 0.000198809
0.285333 8.87115e-05 0.000118345 0.000224919
0.296 1.04146e-07 2.48307e-05 0.000134117
0.306667 8.91643e-08 1.41291e-05 7.73133e-05
0.317333 1.90302e-08 1.00816e-05 4.10098e-05
0.328 -3.15196e-09 3.98529e-06 1.89397e-05
0.338667 -0 -0 2.19665e-06
0.349333 -0 -0 0
0.36 -0 -0 0
