0.04 0 0 0
0.04 0 0 0
0.04 -0 -0 0
0.0435556 -0 -0 0
0.0435556 0 0 0
0.0435556 -0 -0 0
0.0471111 -0 -0 0
0.0471111 0 0 0
0.0471111 -0 -0 0
0.0506667 -0 -0 0
0.0506667 0 0 0
0.0506667 -0 -0 0
0.0542222 -0 -0 0
0.0542222 0 0 0
0.0542222 -0 -0 0
0.0577778 -0 -0 0
0.0577778 0 0 0
0.0577778 -0 -0 0
0.0613333 -0 -0 0
0.0613333 0 0 0
0.0613333 -0 -0 0
0.0648889 -0 -0 0
0.0648889 0 0 0
0.0648889 -0 -0 0.0424332
0.0684444 -0 -0 0.0424332
0.0684444 0 0 0
0.0684444 -0 -0 0.20469
0.072 -0 -0 0.20469
0.072 0 0 0
0.072 0.000130039 0.0756032 0.658484
0.0755556 0.000130039 0.0756032 0.658484
0.0755556 0 0 0
0.0755556 -6.29635e-06 6.37978e-05 0.245025
0.0791111 -6.29635e-06 6.37978e-05 0.245025
0.0791111 0 0 0
0.0791111 -0.000478338 0.372678 1.22721
0.0826667 -0.000478338 0.372678 1.22721
0.0826667 0 0 0
0.0826667 -0.000162229 0.67228 0.859881
0.0862222 -0.000162229 0.67228 0.859881
0.0862222 0 0 0
0.0862222 -0 -0 1.14215
0.0897778 -0 -0 1.14215
0.0897778 0 0 0
0.0897778 0.00230313 0.461896 2.61158
0.0933333 0.00230313 0.461896 2.61158
0.0933333 0 0 0
0.0933333 0.00122179 0.984022 1.25602
0.0968889 0.00122179 0.984022 1.25602
0.0968889 0 0 0
0.0968889 -0.0027788 0.319689 1.54271
0.100444 -0.0027788 0.319689 1.54271
0.100444 0 0 0
0.100444 0.011588 0.285813 5.89902
0.104 0.011588 0.285813 5.89902
0.104 0 0 0
0.104 0.0114739 0.789669 2.9139
0.107556 0.0114739 0.789669 2.9139
0.107556 0 0 0
0.107556 0.00450419 0.884917 8.07176
0.111111 0.00450419 0.884917 8.07176
0.111111 0 0 0
0.111111 -0.00426159 1.11887 4.10252
0.114667 -0.00426159 1.11887 4.10252
0.114667 0 0 0
0.114667 0.0194411 2.11439 4.77702
0.118222 0.0194411 2.11439 4.77702
0.118222 0 0 0
0.118222 0.187192 8.20478 8.41729
0.121778 0.187192 8.20478 8.41729
0.121778 0 0 0
0.121778 9.77341 2.99467 12.109
0.125333 9.77341 2.99467 12.109
0.125333 0 0 0
0.125333 -0 -0 6.27196
0.128889 -0 -0 6.27196
0.128889 0 0 0
0.128889 -0 -0 7.06484
0.132444 -0 -0 7.06484
0.132444 0 0 0
0.132444 -0 -0 9.02925
0.136 -0 -0 9.02925
0.136 0 0 0
0.136 -0 -0 13.6885
0.139556 -0 -0 13.6885
0.139556 0 0 0
0.139556 -0 -0 15.9396
0.143111 -0 -0 15.9396
0.143111 0 0 0
0.143111 -0 -0 20.6766
0.146667 -0 -0 20.6766
0.146667 0 0 0
0.146667 -0.140432 1.16034 43.6258
0.150222 -0.140432 1.16034 43.6258
0.150222 0 0 0
0.150222 0.140337 8.77384 43.6604
0.153778 0.140337 8.77384 43.6604
0.153778 0 0 0
0.153778 -0 -0 15.7145
0.157333 -0 -0 15.7145
0.157333 0 0 0
0.157333 0.00265948 0.00354379 7.47111
0.160889 0.00265948 0.00354379 7.47111
0.160889 0 0 0
0.160889 0.00191537 -0.00308614 17.3271
0.164444 0.00191537 -0.00308614 17.3271
0.164444 0 0 0
0.164444 0.010022 0.32127 29.8199
0.168 0.010022 0.32127 29.8199
0.168 0 0 0
0.168 -0 -0 20.9936
0.171556 -0 -0 20.9936
0.171556 0 0 0
0.171556 0.0181469 0.332974 15.1071
0.175111 0.0181469 0.332974 15.1071
0.175111 0 0 0
0.175111 0.00285343 -0.150774 13.5063
0.178667 0.00285343 -0.150774 13.5063
0.178667 0 0 0
0.178667 -0 -0 15.4843
0.182222 -0 -0 15.4843
0.182222 0 0 0
0.182222 0.00947414 -0.149354 9.79159
0.185778 0.00947414 -0.149354 9.79159
0.185778 0 0 0
0.185778 0.00274346 0.00285796 10.361
0.189333 0.00274346 0.00285796 10.361
0.189333 0 0 0
0.189333 0.00450974 -0.00334598 14.5154
0.192889 0.00450974 -0.00334598 14.5154
0.192889 0 0 0
0.192889 -0 -0 5.85198
0.196444 -0 -0 5.85198
0.196444 0 0 0
0.196444 0.004938 0.0125185 10.6466
0.2 0.004938 0.0125185 10.6466
0.2 0 0 0
0.2 0.004938 0.0125185 10.6466
0.203556 0.004938 0.0125185 10.6466
0.203556 0 0 0
0.203556 -0 -0 5.85198
0.207111 -0 -0 5.85198
0.207111 0 0 0
0.207111 0.00450974 -0.00334598 14.5154
0.210667 0.00450974 -0.00334598 14.5154
0.210667 0 0 0
0.210667 0.00274346 0.00285796 10.361
0.214222 0.00274346 0.00285796 10.361
0.214222 0 0 0
0.214222 0.00947414 -0.149354 9.79159
0.217778 0.00947414 -0.149354 9.79159
0.217778 0 0 0
0.217778 -0 -0 15.4843
0.221333 -0 -0 15.4843
0.221333 0 0 0
0.221333 0.00285343 -0.150774 13.5063
0.224889 0.00285343 -0.150774 13.5063
0.224889 0 0 0
0.224889 0.0181469 0.332974 15.1071
0.228444 0.0181469 0.332974 15.1071
0.228444 0 0 0
0.228444 -0 -0 20.9936
0.232 -0 -0 20.9936
0.232 0 0 0
0.232 0.010022 0.32127 29.8199
0.235556 0.010022 0.32127 29.8199
0.235556 0 0 0
0.235556 0.00191537 -0.00308614 17.3271
0.239111 0.00191537 -0.00308614 17.3271
0.239111 0 0 0
0.239111 0.00265948 0.00354379 7.47111
0.242667 0.00265948 0.00354379 7.47111
0.242667 0 0 0
0.242667 -0 -0 15.7145
0.246222 -0 -0 15.7145
0.246222 0 0 0
0.246222 0.140337 8.77384 43.6604
0.249778 0.140337 8.77384 43.6604
0.249778 0 0 0
0.249778 -0.140432 1.16034 43.6258
0.253333 -0.140432 1.16034 43.6258
0.253333 0 0 0
0.253333 -0 -0 20.6766
0.256889 -0 -0 20.6766
0.256889 0 0 0
0.256889 -0 -0 15.9396
0.260444 -0 -0 15.9396
0.260444 0 0 0
0.260444 -0 -0 13.6885
0.264 -0 -0 13.6885
0.264 0 0 0
0.264 -0 -0 9.02925
0.267556 -0 -0 9.02925
0.267556 0 0 0
0.267556 -0 -0 7.06484
0.271111 -0 -0 7.06484
0.271111 0 0 0
0.271111 -0 -0 6.27196
0.274667 -0 -0 6.27196
0.274667 0 0 0
0.274667 9.77341 2.99467 12.109
0.278222 9.77341 2.99467 12.109
0.278222 0 0 0
0.278222 0.187192 8.20478 8.41729
0.281778 0.187192 8.20478 8.41729
0.281778 0 0 0
0.281778 0.0194411 2.11439 4.77702
0.285333 0.0194411 2.11439 4.77702
0.285333 0 0 0
0.285333 -0.00426159 1.11887 4.10252
0.288889 -0.00426159 1.11887 4.10252
0.288889 0 0 0
0.288889 0.00450419 0.884917 8.07176
0.292444 0.00450419 0.884917 8.07176
0.292444 0 0 0
0.292444 0.0114739 0.789669 2.9139
0.296 0.0114739 0.789669 2.9139
0.296 0 0 0
0.296 0.011588 0.285813 5.89902
0.299556 0.011588 0.285813 5.89902
0.299556 0 0 0
0.299556 -0.0027788 0.319689 1.54271
0.303111 -0.0027788 0.319689 1.54271
0.303111 0 0 0
0.303111 0.00122179 0.984022 1.25602
0.306667 0.00122179 0.984022 1.25602
0.306667 0 0 0
0.306667 0.00230313 0.461896 2.61158
0.310222 0.00230313 0.461896 2.61158
0.310222 0 0 0
0.310222 -0 -0 1.14215
0.313778 -0 -0 1.14215
0.313778 0 0 0
0.313778 -0.000162229 0.67228 0.859881
0.317333 -0.000162229 0.67228 0.859881
0.317333 0 0 0
0.317333 -0.000478338 0.372678 1.22721
0.320889 -0.000478338 0.372678 1.22721
0.320889 0 0 0
0.320889 -6.29635e-06 6.37978e-05 0.245025
0.324444 -6.29635e-06 6.37978e-05 0.245025
0.324444 0 0 0
0.324444 0.000130039 0.0756032 0.658484
0.328 0.000130039 0.0756032 0.658484
0.328 0 0 0
0.328 -0 -0 0.20469
0.331556 -0 -0 0.20469
0.331556 0 0 0
0.331556 -0 -0 0.0424332
0.335111 -0 -0 0.0424332
0.335111 0 0 0
0.335111 -0 -0 0
0.338667 -0 -0 0
0.338667 0 0 0
0.338667 -0 -0 0
0.342222 -0 -0 0
0.342222 0 0 0
0.342222 -0 -0 0
0.345778 -0 -0 0
0.345778 0 0 0
0.345778 -0 -0 0
0.349333 -0 -0 0
0.349333 0 0 0
0.349333 -0 -0 0
0.352889 -0 -0 0
0.352889 0 0 0
0.352889 -0 -0 0
0.356444 -0 -0 0
0.356444 0 0 0
0.356444 -0 -0 0
0.36 0 0 0
