0.0435556 0.185092 0.41945 0.0386914
0.0471111 -0 -0 0.315384
0.0506667 0.00453636 -0.00215633 0.20607
0.0542222 -0 -0 0.469815
0.0577778 -0.00214273 0.374618 0.568119
0.0613333 -0.0055706 1.32311 0.818577
0.0648889 0.00495067 1.47508 2.7631
0.0684444 -0.00014935 1.43444 1.98162
0.072 0.000349414 1.39103 0.781739
0.0755556 0.00290929 1.47098 2.85137
0.0791111 -0.00129487 1.40532 1.44797
0.0826667 -0.00336837 1.91545 1.31396
0.0862222 0.00537917 2.32516 4.20079
0.0897778 0.144178 1.75219 4.31827
0.0933333 -0.00398663 1.69841 2.50682
0.0968889 0.00329201 1.74821 9.32372
0.100444 -0.00523448 2.67505 5.06505
0.104 -0.00842822 3.78518 8.66932
0.107556 -0.00571172 4.34789 17.8928
0.111111 -0.0117515 4.32775 7.10784
0.114667 -0.00215209 4.31336 10.4183
0.118222 0.00334557 3.99821 12.536
0.121778 0.00210134 3.65114 9.59921
0.125333 0.00350399 3.08427 16.4031
0.128889 -0.00615422 3.24628 18.3647
0.132444 -0.0144318 5.09262 17.7789
0.136 -0.00871494 5.52026 22.0916
0.139556 -0.0102213 6.01621 21.0118
0.143111 0.0150398 5.77946 23.5095
0.146667 0.0020717 5.83511 28.0296
0.150222 0.00331066 5.48259 25.7511
0.153778 0.021261 3.00609 24.2155
0.157333 -0.000177583 2.43666 19.455
0.160889 -0.0102963 3.73698 24.9177
0.164444 0.0208951 2.32758 14.0256
0.168 0.00707209 1.53995 22.4201
0.171556 -0.00979597 3.2939 40.736
0.175111 0.0245089 1.41779 20.4466
0.178667 0.00570849 0.757285 18.5429
0.182222 0.000701989 1.002 17.5627
0.185778 0.000553005 0.34166 21.3649
0.189333 0.011158 0.811162 24.2282
0.192889 0.0055493 0.570978 29.4556
0.196444 -0 -0 12.0761
0.2 0.00313082 0.110396 25.0063
0.203556 0.00313082 0.110396 25.0063
0.207111 -0 -0 12.0761
0.210667 0.0055493 0.570978 29.4556
0.214222 0.011158 0.811162 24.2282
0.217778 0.000553005 0.34166 21.3649
0.221333 0.000701989 1.002 17.5627
0.224889 0.00570849 0.757285 18.5429
0.228444 0.0245089 1.41779 20.4466
0.232 -0.00979597 3.2939 40.736
0.235556 0.00707209 1.53995 22.4201
0.239111 0.0208951 2.32758 14.0256
0.242667 -0.0102963 3.73698 24.9177
0.246222 -0.000177583 2.43666 19.455
0.249778 0.021261 3.00609 24.2155
0.253333 0.00331066 5.48259 25.7511
0.256889 0.0020717 5.83511 28.0296
0.260444 0.0150398 5.77946 23.5095
0.264 -0.0102213 6.01621 21.0118
0.267556 -0.00871494 5.52026 22.0916
0.271111 -0.0144318 5.09262 17.7789
0.274667 -0.00615422 3.24628 18.3647
0.278222 0.00350399 3.08427 16.4031
0.281778 0.00210134 3.65114 9.59921
0.285333 0.00334557 3.99821 12.536
0.288889 -0.00215209 4.31336 10.4183
0.292444 -0.0117515 4.32775 7.10784
0.296 -0.00571172 4.34789 17.8928
0.299556 -0.00842822 3.78518 8.66932
0.303111 -0.00523448 2.67505 5.06505
0.306667 0.00329201 1.74821 9.32372
0.310222 -0.00398663 1.69841 2.50682
0.313778 0.144178 1.75219 4.31827
0.317333 0.00537917 2.32516 4.20079
0.320889 -0.00336837 1.91545 1.31396
0.324444 -0.00129487 1.40532 1.44797
0.328 0.00290929 1.47098 2.85137
0.331556 0.000349414 1.39103 0.781739
0.335111 -0.00014935 1.43444 1.98162
0.338667 0.00495067 1.47508 2.7631
0.342222 -0.0055706 1.32311 0.818577
0.345778 -0.00214273 0.374618 0.568119
0.349333 -0 -0 0.469815
0.352889 0.00453636 -0.00215633 0.20607
0.356444 -0 -0 0.315384
0.36 0.185092 0.41945 0.0386914
