0.0000000000000000e+00 0.0000000000000000e+00 0.0000000000000000e+00
2.0000000000000039e-03 -1.3871169685680884e+03 1.5345448739683574e+00
4.0000000000000088e-03 -2.2812302747616641e+03 2.2092830106449903e+00
6.0000000000000140e-03 -1.4229292230591579e+03 1.8614218431152580e+00
8.0000000000000106e-03 -1.1802712213913514e+03 9.6056284970435346e-01
9.9999999999999291e-03 -1.8359517721469558e+03 2.1780046034970413e+00
1.1999999999999848e-02 -8.7751901091662876e+02 1.1086356189509667e+00
1.3999999999999766e-02 -1.4409286467316806e+03 1.4997067318517256e+00
1.5999999999999685e-02 -1.2536276479486442e+03 1.5200264347021575e+00
1.7999999999999603e-02 -9.1670463661370911e+02 7.4362121198642817e-01
1.9999999999999522e-02 -1.5522975345301113e+03 1.7324241901524615e+00
2.1999999999999440e-02 -8.7696656563734052e+02 7.9208492044229994e-01
2.3999999999999359e-02 -1.1742310011408754e+03 1.0534605263898416e+00
2.5999999999999277e-02 -1.3093296612987547e+03 1.4531397869485787e+00
2.7999999999999196e-02 -7.7899232101782127e+02 5.1123800040000078e-01
2.9999999999999114e-02 -1.2051875748077566e+03 1.1269562576061170e+00
3.1999999999999036e-02 -1.0052454046878088e+03 9.2091530875492589e-01
3.3999999999998955e-02 -8.0447577181600082e+02 4.7771989287353178e-01
3.5999999999998873e-02 -1.0570507320326590e+03 8.4335543485459952e-01
3.7999999999998792e-02 -8.1064509031911791e+02 4.3976838120650263e-01
3.9999999999998710e-02 -7.7748129461167616e+02 2.7242496575245173e-01
4.1999999999998629e-02 -8.6434910011091483e+02 3.2809937060716071e-01
4.3999999999998547e-02 -6.2366466840553437e+02 -8.9855097096039505e-02
4.5999999999998466e-02 -5.9083617998733985e+02 -2.9318498415045863e-01
4.7999999999998384e-02 -5.1544469267713691e+02 -4.8083683939593946e-01
4.9999999999998303e-02 -2.9281060362064954e+02 -9.5371618411704884e-01
5.1999999999998221e-02 -2.8128551591102604e+02 -1.1643013406699665e+00
5.3999999999998140e-02 -1.0548439029553239e+02 -1.4993406360290855e+00
5.5999999999998058e-02 3.3632725097333842e+00 -1.7542594028704572e+00
5.7999999999997977e-02 3.8867727595786499e+00 -1.9321306268979563e+00
5.9999999999997895e-02 5.2618829788203110e+00 -2.1767946273047039e+00
6.1999999999997814e-02 4.3372636939989349e+00 -2.5007772825781958e+00
6.3999999999998253e-02 4.3488470050579497e+00 -2.7551117684855244e+00
6.5999999999998865e-02 4.8291559438869021e+00 -3.0684479966062321e+00
6.7999999999999478e-02 4.8146775511806190e+00 -3.3253649238361467e+00
7.0000000000000090e-02 4.9349025921596743e+00 -3.5765978741906217e+00
7.2000000000000702e-02 5.1529185417246124e+00 -3.8364308762566552e+00
7.4000000000001315e-02 4.9704066911174367e+00 -4.0961973202642801e+00
7.6000000000001927e-02 5.0309143883830139e+00 -4.3280008113989528e+00
7.8000000000002540e-02 5.6710106869017620e+00 -4.5225504481940382e+00
8.0000000000003152e-02 5.2820942538472382e+00 -4.6902772427154238e+00
8.2000000000003764e-02 5.1440676436321802e+00 -4.8214287254837638e+00
8.4000000000004377e-02 5.3313684121442506e+00 -4.9107298788904732e+00
8.6000000000004989e-02 5.0981534055529538e+00 -4.9656832165913700e+00
8.8000000000005602e-02 5.0501008629727719e+00 -4.9745695384729247e+00
9.0000000000006214e-02 5.2495877018594932e+00 -4.9361768627045652e+00
9.2000000000006826e-02 5.0632800948192296e+00 -4.8445810044713813e+00
9.4000000000007439e-02 4.7223967391941226e+00 -4.6760336519732055e+00
9.6000000000008051e-02 5.1483318865743168e+00 -4.4270979011289961e+00
9.8000000000008664e-02 4.5742662981010591e+00 -4.1101353490331887e+00
1.0000000000000928e-01 4.5637705496487397e+00 -3.7087464913268553e+00
1.0200000000000989e-01 4.6624096658478766e+00 -3.3192657674990294e+00
1.0400000000001050e-01 4.5796887745521637e+00 -2.9445787246593000e+00
1.0600000000001111e-01 4.4642503105948350e+00 -2.6196839249341104e+00
1.0800000000001173e-01 4.4618535478233561e+00 -2.2906371345629850e+00
1.1000000000001234e-01 4.5098846303827616e+00 -1.9786786070060203e+00
1.1200000000001295e-01 4.4563010903002569e+00 -1.6514242863972319e+00
1.1400000000001356e-01 4.3721928682915348e+00 -1.3349211814544102e+00
1.1600000000001418e-01 4.0226010069302873e+00 -1.0230516916710966e+00
1.1800000000001479e-01 4.3361445068754554e+00 -7.3791381743604945e-01
1.2000000000001540e-01 4.2988239338877721e+00 -5.1634480790011072e-01
1.2200000000001601e-01 3.9330426964985747e+00 -2.9475556618777377e-01
1.2400000000001662e-01 3.6202332646674189e+00 -3.1786532824922852e-02
1.2600000000001654e-01 3.6802085569144514e+00 2.9854983390196377e-01
1.2800000000001577e-01 3.5594411726489787e+00 5.9200190795292940e-01
1.3000000000001499e-01 3.1712589289964930e+00 9.2515305685989391e-01
1.3200000000001422e-01 3.5836323616649941e+00 1.2844058790642761e+00
1.3400000000001344e-01 2.7892031333745853e+00 1.6619419894853533e+00
1.3600000000001267e-01 -9.0319636839448343e+00 2.0739239191578678e+00
1.3800000000001189e-01 3.5585309587096088e+00 2.3192379815608386e+00
1.4000000000001112e-01 1.8827336304803575e+00 2.5430119928422985e+00
1.4200000000001034e-01 3.5639323702085624e+00 2.7372572494355869e+00
1.4400000000000956e-01 3.2977775515568908e+00 2.7932971464861418e+00
1.4600000000000879e-01 2.7654019796307985e+00 2.8322024101837933e+00
1.4800000000000801e-01 3.1582346912341901e+00 2.8162891905584573e+00
1.5000000000000724e-01 2.9238647624678715e+00 2.7561925898273389e+00
1.5200000000000646e-01 -3.4625157089946415e+00 2.6744491232122516e+00
1.5400000000000569e-01 -8.2379883788339612e+00 2.5719738393685159e+00
1.5600000000000491e-01 -2.0383617524258192e+01 2.4507170766136319e+00
1.5800000000000414e-01 -3.8058054296614522e+01 2.3158589233235829e+00
1.6000000000000336e-01 -6.0178884490784640e+01 2.1566164791222255e+00
1.6200000000000259e-01 -9.8479836490938013e+01 2.0080137209534645e+00
1.6400000000000181e-01 -1.4904621925900219e+02 1.8487169491400921e+00
1.6600000000000104e-01 -1.7215696586721702e+02 1.5990741084483988e+00
1.6800000000000026e-01 -2.6873961023778935e+02 1.6382099261974079e+00
1.6999999999999948e-01 -3.1484810539310087e+02 1.6494730780751421e+00
1.7199999999999871e-01 -3.3635268334718830e+02 1.3971995855167580e+00
1.7399999999999793e-01 -3.8306975029753215e+02 1.1778624083774423e+00
1.7599999999999716e-01 -4.4682652130050479e+02 1.0269724191575200e+00
1.7799999999999638e-01 -5.0606855556809120e+02 9.2671160635824323e-01
1.7999999999999561e-01 -5.6826514922211777e+02 8.5430011343786272e-01
1.8199999999999483e-01 -6.3367751254269831e+02 7.7108733082659608e-01
1.8399999999999406e-01 -7.0048240919011459e+02 6.8436510955510199e-01
1.8599999999999328e-01 -7.7181007428921259e+02 6.0566798989977877e-01
1.8799999999999251e-01 -8.4235564703346506e+02 5.3522201691826232e-01
1.8999999999999173e-01 -9.1076498526968874e+02 4.6525122642907629e-01
1.9199999999999096e-01 -9.8083803181940425e+02 3.9450500819713219e-01
1.9399999999999018e-01 -1.0518603558025129e+03 3.3416305956082099e-01
1.9599999999998940e-01 -1.1194271284821568e+03 2.9101920805185744e-01
1.9799999999998863e-01 -1.1821567141714918e+03 2.3318769926153063e-01
1.9999999999998785e-01 -1.2422701904550663e+03 1.6994450150178581e-01
2.0199999999998708e-01 -1.2905213915658107e+03 1.0061039590214391e-01
2.0399999999998630e-01 -1.3421494220614047e+03 1.1748698225769932e-02
2.0599999999998553e-01 -1.3867728157710139e+03 -8.4496767046047846e-02
2.0799999999998475e-01 -1.4166920008518855e+03 -1.8764666139453426e-01
2.0999999999998398e-01 -1.4453625457230257e+03 -2.8534011103103024e-01
2.1199999999998320e-01 -1.4536321303072568e+03 -3.6893120071832880e-01
2.1399999999998243e-01 -1.4643879722428414e+03 -4.6690774996492063e-01
2.1599999999998165e-01 -1.4639335949008837e+03 -5.7988404106981095e-01
2.1799999999998088e-01 -1.4657615315981116e+03 -6.7705631216777118e-01
2.1999999999998010e-01 -1.4526014074537991e+03 -8.0179210209631657e-01
2.2199999999997932e-01 -1.4330842297397760e+03 -9.4450300645501506e-01
2.2399999999997855e-01 -1.4164073696716894e+03 -1.0712664454496723e+00
2.2599999999997777e-01 -1.3939346526119721e+03 -1.1941120509213894e+00
2.2799999999997700e-01 -1.3642353605512426e+03 -1.3242865756790134e+00
2.2999999999997622e-01 -1.3407239943972450e+03 -1.4402111386113856e+00
2.3199999999997545e-01 -1.3301847814692187e+03 -1.5192222787573411e+00
2.3399999999997467e-01 -1.3239355769778251e+03 -1.5839665205103595e+00
2.3599999999997390e-01 -1.3173100107355385e+03 -1.6466380989797997e+00
2.3799999999997312e-01 -1.3081020378070123e+03 -1.7041420335745583e+00
2.3999999999997235e-01 -1.3029966376057180e+03 -1.7451766490691112e+00
2.4199999999997157e-01 -1.2961230755644447e+03 -1.7682699207023651e+00
2.4399999999997080e-01 -1.2982259812064992e+03 -1.7699391866320002e+00
2.4599999999997002e-01 -1.3035911336328006e+03 -1.7485860676178238e+00
2.4799999999996925e-01 -1.3092840247270758e+03 -1.7244123911039109e+00
2.4999999999996847e-01 -1.3198219613806918e+03 -1.7039050848843427e+00
2.5199999999997047e-01 -1.3046364852527054e+03 -1.5435456200711186e+00
2.5399999999997247e-01 -1.2878944213368036e+03 -1.4628973795719160e+00
2.5599999999997447e-01 -1.2519903764306607e+03 -1.3887942086120422e+00
2.5799999999997647e-01 -1.2475773598443618e+03 -1.2073723300821866e+00
2.5999999999997847e-01 -1.2296999730788841e+03 -1.0391009493741306e+00
2.6199999999998047e-01 -1.2251323508282385e+03 -8.4601362169353689e-01
2.6399999999998247e-01 -1.2044510912793746e+03 -6.7917963652780511e-01
2.6599999999998447e-01 -1.1935648240755415e+03 -5.0426115167589647e-01
2.6799999999998647e-01 -1.1757537231249401e+03 -3.4681463421006681e-01
2.6999999999998847e-01 -1.1571851983414442e+03 -2.0611989220047636e-01
2.7199999999999047e-01 -1.1419517455900223e+03 -6.3513564481014709e-02
2.7399999999999247e-01 -1.1228158509894977e+03 6.1035463216326760e-02
2.7599999999999447e-01 -1.1152223215357258e+03 1.8752817880369807e-01
2.7799999999999647e-01 -1.0976204902653722e+03 2.8716930404080782e-01
2.7999999999999847e-01 -1.0853323286634532e+03 3.9870863980673493e-01
2.8200000000000047e-01 -1.0693541123732982e+03 4.7215563133676458e-01
2.8400000000000247e-01 -1.0617136761030285e+03 5.5847597965375551e-01
2.8600000000000447e-01 -1.0538428111031517e+03 6.1610162612373964e-01
2.8800000000000647e-01 -1.0469221799468291e+03 6.6735238508851524e-01
2.9000000000000847e-01 -1.0409315084174284e+03 6.9757892156216994e-01
2.9200000000001047e-01 -1.0266327077023823e+03 6.9280195866539562e-01
2.9400000000001247e-01 -9.9924288591281595e+02 6.6544554597957883e-01
2.9600000000001447e-01 -9.7163138512603439e+02 6.3825272101517938e-01
2.9800000000001647e-01 -9.3245552833152544e+02 5.7043860517352252e-01
3.0000000000001847e-01 -8.7295819059406176e+02 4.5834096233825755e-01
3.0200000000002047e-01 -8.2454534549724974e+02 3.9925432995514137e-01
3.0400000000002247e-01 -7.9928938312944581e+02 4.3453165951150824e-01
3.0600000000002447e-01 -7.5611337596645842e+02 4.3245185314418905e-01
3.0800000000002647e-01 -7.1722314302907751e+02 4.2936081724381481e-01
3.1000000000002848e-01 -6.8190555802929237e+02 4.3576721343628400e-01
3.1200000000003048e-01 -6.4145406905660593e+02 4.3463212535587153e-01
3.1400000000003248e-01 -6.0611429064925539e+02 4.4528810977459471e-01
3.1600000000003448e-01 -5.6780188434570584e+02 4.5440082979283447e-01
3.1800000000003648e-01 -5.3563137089265445e+02 4.8323285483141415e-01
3.2000000000003848e-01 -5.0419023729798937e+02 5.1880156670471622e-01
3.2200000000004048e-01 -4.7761927017034907e+02 5.6640415047268799e-01
3.2400000000004248e-01 -4.5149693241760497e+02 6.1458000902909782e-01
3.2600000000004448e-01 -4.3313951524150627e+02 6.7614388692394900e-01
3.2800000000004648e-01 -4.0997425116197962e+02 7.2970022140307389e-01
3.3000000000004848e-01 -3.8764720243034816e+02 7.7569766719709821e-01
3.3200000000005048e-01 -3.7333552248675215e+02 8.2830296660525904e-01
3.3400000000005248e-01 -3.6389969192470431e+02 8.9215809605006346e-01
3.3600000000005448e-01 -3.5244614478182206e+02 9.4816529858092735e-01
3.3800000000005648e-01 -3.4330550335678089e+02 1.0000099042560113e+00
3.4000000000005848e-01 -3.3440522895409555e+02 1.0452147898645259e+00
3.4200000000006048e-01 -3.2536338691601651e+02 1.0840672467388546e+00
3.4400000000006248e-01 -3.1686299099604440e+02 1.1136062370222088e+00
3.4600000000006448e-01 -3.1966071479870601e+02 1.1390739770207510e+00
3.4800000000006648e-01 -3.3088145206364106e+02 1.1137746199976499e+00
3.5000000000006848e-01 -3.4043494409351860e+02 1.0609459457146533e+00
3.5200000000007048e-01 -3.4787716357637049e+02 1.0079405073672159e+00
3.5400000000007248e-01 -3.5521840661959260e+02 9.4986447949163599e-01
3.5600000000007448e-01 -3.5924277993437903e+02 8.7788812970531716e-01
3.5800000000007648e-01 -3.6417469087417106e+02 7.9884222916284553e-01
3.6000000000007848e-01 -3.6467082745688663e+02 7.0748912708053557e-01
3.6200000000008048e-01 -3.7078253757812496e+02 6.1515153407260470e-01
3.6400000000008248e-01 -3.6923471691335953e+02 5.1038659037500611e-01
3.6600000000008448e-01 -3.7510774112030083e+02 4.2888153938815482e-01
3.6800000000008648e-01 -3.7669177696107067e+02 3.0384793773904056e-01
3.7000000000008848e-01 -4.1328491332735240e+02 2.9884759990194754e-01
3.7200000000009048e-01 -4.0195264886010466e+02 2.3736794506278822e-01
3.7400000000009248e-01 -3.9808038668801726e+02 2.1148436530778592e-01
3.7600000000009448e-01 -3.7152125391833482e+02 2.2985190614882765e-02
3.7800000000009648e-01 -4.1033388756143461e+02 2.0341224014574583e-02
3.8000000000009848e-01 -3.8453500122063929e+02 -1.1752580052858723e-01
3.8200000000010048e-01 -4.0567834880872368e+02 -1.3005681993468440e-01
3.8400000000010248e-01 -3.8725086055159392e+02 -2.4183398700093184e-01
3.8600000000010448e-01 -3.9714007464128679e+02 -2.7706357579211582e-01
3.8800000000010648e-01 -3.9060209452129317e+02 -3.5293230347555371e-01
3.9000000000010848e-01 -3.9458553062978024e+02 -3.9411296443236193e-01
3.9200000000011048e-01 -3.9527731783156730e+02 -4.3562790311081262e-01
3.9400000000011248e-01 -3.9522512602505572e+02 -4.8355386741657491e-01
3.9600000000011448e-01 -3.9519557833576101e+02 -5.3052653978604936e-01
3.9800000000011648e-01 -3.9579842744396768e+02 -5.6993202286101841e-01
4.0000000000011848e-01 -3.9348581992710274e+02 -6.2038204131700603e-01
4.0200000000012048e-01 -3.9631871519736211e+02 -6.6637043862718726e-01
4.0400000000012248e-01 -4.0290988108059020e+02 -7.1289301388182913e-01
4.0600000000012448e-01 -4.0659924945741807e+02 -7.4263874644691996e-01
4.0800000000012648e-01 -4.0800655854284338e+02 -7.8239023654491757e-01
4.1000000000012848e-01 -4.1542658287295995e+02 -8.1905739069079120e-01
4.1200000000013048e-01 -4.2270173076054783e+02 -8.5049801838557515e-01
4.1400000000013248e-01 -4.3047618761684282e+02 -8.8445248881645910e-01
4.1600000000013448e-01 -4.3557105778018706e+02 -9.2282806210370527e-01
4.1800000000013648e-01 -4.4367750038242548e+02 -9.6484174562724467e-01
4.2000000000013848e-01 -4.5208555854535831e+02 -1.0006863645870534e+00
4.2200000000014048e-01 -4.5881826897587746e+02 -1.0383662770408371e+00
4.2400000000014249e-01 -4.7396915599259370e+02 -1.0505005236102525e+00
4.2600000000014449e-01 -4.8229737042338809e+02 -1.0754431772304927e+00
4.2800000000014649e-01 -4.9122520263978748e+02 -1.1056950889422612e+00
4.3000000000014849e-01 -4.9950387754280422e+02 -1.1417644534013380e+00
4.3200000000015049e-01 -5.0859628321888476e+02 -1.1723385431338156e+00
4.3400000000015249e-01 -5.1582372261501587e+02 -1.1998292213023223e+00
4.3600000000015449e-01 -5.2821797809658881e+02 -1.2215582862534422e+00
4.3800000000015649e-01 -5.4803913446927322e+02 -1.2254369348578040e+00
4.4000000000015849e-01 -5.5112434868146170e+02 -1.2456519535374475e+00
4.4200000000016049e-01 -5.6327546308482238e+02 -1.2568692412237505e+00
4.4400000000016249e-01 -5.8554054555397283e+02 -1.2182429063529470e+00
4.4600000000016449e-01 -5.9623317619029024e+02 -1.2036758996792174e+00
4.4800000000016649e-01 -6.0627701481745305e+02 -1.2079488713667239e+00
4.5000000000016849e-01 -6.2314113226071288e+02 -1.1773449991349654e+00
4.5200000000017049e-01 -6.3753511868214503e+02 -1.1454357485936923e+00
4.5400000000017249e-01 -6.5146620584247864e+02 -1.1118576655268841e+00
4.5600000000017449e-01 -6.6213909049832034e+02 -1.0882100318814392e+00
4.5800000000017649e-01 -6.7888128379671116e+02 -1.0502211462887001e+00
4.6000000000017849e-01 -6.9293553906455520e+02 -1.0033127085836173e+00
4.6200000000018049e-01 -7.0110202214519325e+02 -9.6786055772034141e-01
4.6400000000018249e-01 -7.0926462064381201e+02 -9.2837036882913226e-01
4.6600000000018449e-01 -7.1511977686766011e+02 -8.8842357754732781e-01
4.6800000000018649e-01 -7.2631627490331095e+02 -8.2979741607880542e-01
4.7000000000018849e-01 -7.3534222503506442e+02 -7.7729681365253456e-01
4.7200000000019049e-01 -7.3932827781885862e+02 -7.4573541568043789e-01
4.7400000000019249e-01 -7.4346038469962662e+02 -7.1185778391504850e-01
4.7600000000019449e-01 -7.5071736031449518e+02 -6.8905796976286304e-01
4.7800000000019649e-01 -7.4763871099538392e+02 -6.9655713350908288e-01
4.8000000000019849e-01 -7.4874055954622133e+02 -6.8543721669600610e-01
4.8200000000020049e-01 -7.5083782905614851e+02 -6.6506386764362546e-01
4.8400000000020249e-01 -7.6112564996874084e+02 -6.3391302498099622e-01
4.8600000000020449e-01 -7.5815725131501097e+02 -6.1711850695663972e-01
4.8800000000020649e-01 -7.5908525149399850e+02 -6.1201102666546181e-01
4.9000000000020849e-01 -7.6006731056363037e+02 -6.0779753136999171e-01
4.9200000000021049e-01 -7.5953249826223441e+02 -6.0890728413257078e-01
4.9400000000021249e-01 -7.5787582869975586e+02 -6.4218858306352988e-01
4.9600000000021449e-01 -7.5495777954307539e+02 -6.7262927598594435e-01
4.9800000000021649e-01 -7.9518641530618777e+02 -6.0778835549186849e-01
5.0000000000021849e-01 -8.1804087015720177e+02 -5.5591812792319395e-01
5.0200000000022049e-01 -8.2524389456273968e+02 -5.8967333532847444e-01
5.0400000000022249e-01 -8.2313192758987634e+02 -6.4060512056029006e-01
5.0600000000022449e-01 -8.1779113613628579e+02 -6.7460616667193596e-01
5.0800000000022649e-01 -8.0977177049874012e+02 -7.1334751186683620e-01
5.1000000000022849e-01 -7.9523285394716754e+02 -7.6241523948255219e-01
5.1200000000023049e-01 -7.7692484183738009e+02 -8.1808661185724640e-01
5.1400000000023249e-01 -7.5846550012501393e+02 -8.7097387783877955e-01
5.1600000000023449e-01 -7.4211594862145125e+02 -9.2349671509220355e-01
5.1800000000023649e-01 -7.3410326186804980e+02 -9.6255048166714363e-01
5.2000000000023849e-01 -7.2051736544882272e+02 -1.0157709265424779e+00
5.2200000000024049e-01 -7.1061888563071307e+02 -1.0826244754144130e+00
5.2400000000024249e-01 -6.9405287230617068e+02 -1.1478908699522528e+00
5.2600000000024449e-01 -6.7387651907604550e+02 -1.2094912895323500e+00
5.2800000000024649e-01 -6.5941572561788905e+02 -1.2627750793840482e+00
5.3000000000024849e-01 -6.5264694691197190e+02 -1.2827565376498182e+00
5.3200000000025049e-01 -6.4626290607210638e+02 -1.2986624895787124e+00
5.3400000000025249e-01 -6.4091911191294480e+02 -1.3282014272612876e+00
5.3600000000025450e-01 -6.2686173183890287e+02 -1.3695916196685480e+00
5.3800000000025650e-01 -6.1165385576340373e+02 -1.4164378164832221e+00
5.4000000000025850e-01 -6.0608186523683480e+02 -1.4295722935946531e+00
5.4200000000026050e-01 -5.9609273526712548e+02 -1.4590196211617790e+00
5.4400000000026250e-01 -5.8983837719592543e+02 -1.4683805852346292e+00
5.4600000000026450e-01 -5.8098388175049558e+02 -1.4936641952681733e+00
5.4800000000026650e-01 -5.7502019713160337e+02 -1.5205556480864735e+00
5.5000000000026850e-01 -5.6620899839909475e+02 -1.5513098188502878e+00
5.5200000000027050e-01 -5.5935129186012921e+02 -1.5894279341574205e+00
5.5400000000027250e-01 -5.5396049944822346e+02 -1.6280481894227106e+00
5.5600000000027450e-01 -5.4641740861450444e+02 -1.6725761197461657e+00
5.5800000000027650e-01 -5.3916120736229584e+02 -1.6996070170597208e+00
5.6000000000027850e-01 -5.3681055999289356e+02 -1.7064293966564879e+00
5.6200000000028050e-01 -5.3895873891352801e+02 -1.6830683174305872e+00
5.6400000000028250e-01 -5.4209381586392260e+02 -1.6549456569088368e+00
5.6600000000028450e-01 -5.4243457989466071e+02 -1.6286515615754125e+00
5.6800000000028650e-01 -5.4865946857818187e+02 -1.5620292894312506e+00
5.7000000000028850e-01 -5.5221505490162031e+02 -1.4865723796348396e+00
5.7200000000029050e-01 -5.3398934408634966e+02 -1.5389650652020905e+00
5.7400000000029250e-01 -5.3828415686003427e+02 -1.5338806088254426e+00
5.7600000000029450e-01 -5.3066149002319253e+02 -1.5300762513960444e+00
5.7800000000029650e-01 -5.2586196518008774e+02 -1.5376447525440877e+00
5.8000000000029850e-01 -5.2902918980302923e+02 -1.5071412728715969e+00
5.8200000000030050e-01 -5.2473733370346565e+02 -1.5022013561940910e+00
5.8400000000030250e-01 -5.1425727695507385e+02 -1.5312183752026298e+00
5.8600000000030450e-01 -5.1939231046832219e+02 -1.4929968415727424e+00
5.8800000000030650e-01 -5.0791365188131601e+02 -1.5087207908725055e+00
5.9000000000030850e-01 -5.0021583979424383e+02 -1.5383734476965440e+00
5.9200000000031050e-01 -4.9329278043857551e+02 -1.5651273200129476e+00
5.9400000000031250e-01 -4.8196114905572392e+02 -1.6112662315198982e+00
5.9600000000031450e-01 -4.7674390531046294e+02 -1.6429489475740990e+00
5.9800000000031650e-01 -4.7066564888442662e+02 -1.6597156240029374e+00
6.0000000000031850e-01 -4.6323304035092502e+02 -1.6798015085006741e+00
6.0200000000032050e-01 -4.5580887252650541e+02 -1.7104264354110610e+00
6.0400000000032250e-01 -4.4958895425849892e+02 -1.7416203304194124e+00
6.0600000000032450e-01 -4.3835937222336452e+02 -1.7974752945680386e+00
6.0800000000032650e-01 -4.3495168682890335e+02 -1.8189925531702962e+00
6.1000000000032850e-01 -4.3104578157316405e+02 -1.8393839805052845e+00
6.1200000000033050e-01 -4.2688139275106090e+02 -1.8569754940634440e+00
6.1400000000033250e-01 -4.2175289448010045e+02 -1.8759005779577969e+00
6.1600000000033450e-01 -4.1860592779749493e+02 -1.8855469372074514e+00
6.1800000000033650e-01 -4.0772927065929815e+02 -1.9280843870567634e+00
6.2000000000033850e-01 -3.9791292920543833e+02 -1.9706661422841163e+00
6.2200000000034050e-01 -3.9170326589263067e+02 -2.0006155102989740e+00
6.2400000000034250e-01 -3.8101755331675400e+02 -2.0459974683760462e+00
6.2600000000034450e-01 -3.7517223773510779e+02 -2.0794331929816892e+00
6.2800000000034650e-01 -3.7239748232877008e+02 -2.0990150758290316e+00
6.3000000000034850e-01 -3.6560357033824511e+02 -2.1289067131451818e+00
6.3200000000035050e-01 -3.6164322917135723e+02 -2.1510112722403232e+00
6.3400000000035250e-01 -3.6283599926486329e+02 -2.1505305622687012e+00
6.3600000000035450e-01 -3.5897583563135868e+02 -2.1547958060744405e+00
6.3800000000035650e-01 -3.5782239749187005e+02 -2.1675942499860632e+00
6.4000000000035850e-01 -3.6186583700867914e+02 -2.1423370847126266e+00
6.4200000000036050e-01 -3.5768208977810588e+02 -2.1342911543849152e+00
6.4400000000036250e-01 -3.5233619630079073e+02 -2.1376239950636604e+00
6.4600000000036450e-01 -3.5046041672336304e+02 -2.1304181324338578e+00
6.4800000000036651e-01 -3.4178543959949127e+02 -2.1497091985377490e+00
6.5000000000036851e-01 -3.4481300726210281e+02 -2.1424217720934222e+00
6.5200000000037051e-01 -3.4182544846483904e+02 -2.1435624544775496e+00
6.5400000000037251e-01 -3.3775713488094806e+02 -2.1596160223208294e+00
6.5600000000037451e-01 -3.4028310363481870e+02 -2.1620008193999585e+00
6.5800000000037651e-01 -3.3922142168561368e+02 -2.1596888681512669e+00
6.6000000000037851e-01 -3.3948490373512067e+02 -2.1551281393452597e+00
6.6200000000038051e-01 -3.3919972291574265e+02 -2.1590122331064472e+00
6.6400000000038251e-01 -3.3349468491640403e+02 -2.1689186699663114e+00
6.6600000000038451e-01 -3.2908336355768591e+02 -2.1805059497247616e+00
6.6800000000038651e-01 -3.2716446161715066e+02 -2.1827125551733215e+00
6.7000000000038851e-01 -3.2239741022893543e+02 -2.1881700392177712e+00
6.7200000000039051e-01 -3.1799024913884352e+02 -2.1950470789455450e+00
6.7400000000039251e-01 -3.1267488787415863e+02 -2.2114615600189462e+00
6.7600000000039451e-01 -3.0515249419664167e+02 -2.2312593014280182e+00
6.7800000000039651e-01 -3.0032627900644559e+02 -2.2524643373948345e+00
6.8000000000039851e-01 -2.9521284841046810e+02 -2.2735154297796081e+00
6.8200000000040051e-01 -2.9165267469641356e+02 -2.2860643284822268e+00
6.8400000000040251e-01 -2.9008536416406474e+02 -2.2926899188328447e+00
6.8600000000040451e-01 -2.8405163651510912e+02 -2.3136767129588955e+00
6.8800000000040651e-01 -2.7961499288896636e+02 -2.3251847127133707e+00
6.9000000000040851e-01 -2.7727357781664506e+02 -2.3334452488756847e+00
6.9200000000041051e-01 -2.7287059212137956e+02 -2.3341118183841831e+00
6.9400000000041251e-01 -2.7615841927828774e+02 -2.3131209839528926e+00
6.9600000000041451e-01 -2.9138495247935737e+02 -2.2331074601619050e+00
6.9800000000041651e-01 -2.7990122159463215e+02 -2.2361098467382843e+00
7.0000000000041851e-01 -2.6849756907514228e+02 -2.2923542214505948e+00
7.0200000000042051e-01 -2.7970074902726617e+02 -2.2469873540590282e+00
7.0400000000042251e-01 -2.7013293871062621e+02 -2.2543556776835207e+00
7.0600000000042451e-01 -2.7339630838370937e+02 -2.2523795755533840e+00
7.0800000000042651e-01 -2.8199670783575442e+02 -2.2041650594116740e+00
7.1000000000042851e-01 -2.6649282799372543e+02 -2.2461087118201450e+00
7.1200000000043051e-01 -2.7492991816717142e+02 -2.2145288300149741e+00
7.1400000000043251e-01 -2.7607403178831208e+02 -2.1945659165497622e+00
7.1600000000043451e-01 -2.5819587837556787e+02 -2.2378948533334229e+00
7.1800000000043651e-01 -2.7940013384647625e+02 -2.1691811194650810e+00
7.2000000000043851e-01 -2.7984201690164741e+02 -2.1280937543681562e+00
7.2200000000044051e-01 -2.6093644184864286e+02 -2.1762997521471457e+00
7.2400000000044251e-01 -2.8105920519545310e+02 -2.1230728121331701e+00
7.2600000000044451e-01 -2.7334754191211164e+02 -2.1252742963603981e+00
7.2800000000044651e-01 -2.5657240187580817e+02 -2.1751413267096007e+00
7.3000000000044851e-01 -2.7446108683511335e+02 -2.1305704295135750e+00
7.3200000000045051e-01 -2.6638571572335542e+02 -2.1412419866252170e+00
7.3400000000045251e-01 -2.5420920483871183e+02 -2.1773120154559025e+00
7.3600000000045451e-01 -2.7457724416325993e+02 -2.1267719919855370e+00
7.3800000000045651e-01 -2.6467685691780554e+02 -2.1395582992739435e+00
7.4000000000045851e-01 -2.5858247740070050e+02 -2.1614550828240477e+00
7.4200000000046051e-01 -2.7764780763604813e+02 -2.1072739787292711e+00
7.4400000000046251e-01 -2.6833120274580926e+02 -2.1165616891903181e+00
7.4600000000046451e-01 -2.6781602323338581e+02 -2.1239481248724603e+00
7.4800000000046651e-01 -2.8146753889594169e+02 -2.0790168645808951e+00
7.5000000000046851e-01 -2.7505502282580591e+02 -2.0798196147534349e+00
7.5200000000047051e-01 -2.7760649775209924e+02 -2.0758248748087071e+00
7.5400000000047251e-01 -2.8362637883579970e+02 -2.0569826577730281e+00
7.5600000000047451e-01 -2.7870823288590566e+02 -2.0674578042949054e+00
7.5800000000047651e-01 -2.8391122788184060e+02 -2.0472058137589908e+00
7.6000000000047852e-01 -2.8867930329439531e+02 -2.0225626536959682e+00
7.6200000000048052e-01 -2.8644161739697824e+02 -2.0104148577172372e+00
7.6400000000048252e-01 -2.8293769269112670e+02 -2.0127016055796956e+00
7.6600000000048452e-01 -2.8347089776260958e+02 -2.0091981975810591e+00
7.6800000000048652e-01 -2.8157680782450132e+02 -2.0101209642824154e+00
7.7000000000048852e-01 -2.7776737464829728e+02 -2.0263329721410819e+00
7.7200000000049052e-01 -2.7856802751863677e+02 -2.0339641345173662e+00
7.7400000000049252e-01 -2.8034309152697898e+02 -2.0326810863666744e+00
7.7600000000049452e-01 -2.7983644137260160e+02 -2.0376484591099695e+00
7.7800000000049652e-01 -2.8016205309889966e+02 -2.0453389634451100e+00
7.8000000000049852e-01 -2.8114163017310221e+02 -2.0487536364221985e+00
7.8200000000050052e-01 -2.8263325417368475e+02 -2.0483461514787504e+00
7.8400000000050252e-01 -2.8333062281859441e+02 -2.0549327617748379e+00
7.8600000000050452e-01 -2.8485465718646503e+02 -2.0627258132103576e+00
7.8800000000050652e-01 -2.8561360352975407e+02 -2.0699148241623186e+00
7.9000000000050852e-01 -2.8652436147341865e+02 -2.0731480770878727e+00
7.9200000000051052e-01 -2.8591701057782376e+02 -2.0834959776187296e+00
7.9400000000051252e-01 -2.8828208716477661e+02 -2.0867440402724697e+00
7.9600000000051452e-01 -2.8961167325281423e+02 -2.0922315419567727e+00
7.9800000000051652e-01 -2.9021996830596390e+02 -2.0966581457423406e+00
8.0000000000051852e-01 -2.9208549162819730e+02 -2.0968127445189189e+00
8.0200000000052052e-01 -2.9392981489543257e+02 -2.0938889348770164e+00
8.0400000000052252e-01 -2.9724143354738413e+02 -2.0889399781894356e+00
8.0600000000052452e-01 -3.0147103985943994e+02 -2.0800909880685432e+00
8.0800000000052652e-01 -3.0327669939930610e+02 -2.0749912865887596e+00
8.1000000000052852e-01 -3.0337673588708708e+02 -2.0752271950279182e+00
8.1200000000053052e-01 -3.0673144781836197e+02 -2.0712710532439842e+00
8.1400000000053252e-01 -3.0965437292024490e+02 -2.0689132096254617e+00
8.1600000000053452e-01 -3.1011607229043750e+02 -2.0733276122858411e+00
8.1800000000053652e-01 -3.0971653804563920e+02 -2.0789562065839560e+00
8.2000000000053852e-01 -3.1126200636516813e+02 -2.0781376567797931e+00
8.2200000000054052e-01 -3.0960931235979155e+02 -2.0760697317183192e+00
8.2400000000054252e-01 -3.0872238211383694e+02 -2.0770345323602299e+00
8.2600000000054452e-01 -3.0655762079300820e+02 -2.0813026217788257e+00
8.2800000000054652e-01 -3.0691147532827603e+02 -2.0774008815924132e+00
8.3000000000054852e-01 -3.0525792865624197e+02 -2.0773156796767371e+00
8.3200000000055052e-01 -3.0171789130263966e+02 -2.0833157575973180e+00
8.3400000000055252e-01 -3.0021015007934017e+02 -2.0820504582888879e+00
8.3600000000055452e-01 -2.9933627954473513e+02 -2.0807709577698716e+00
8.3800000000055652e-01 -2.9694342136335041e+02 -2.0873867628468727e+00
8.4000000000055852e-01 -2.9661010278441404e+02 -2.0904278205245701e+00
8.4200000000056052e-01 -2.9492962262654464e+02 -2.0958680508103638e+00
8.4400000000056252e-01 -2.9087455098573236e+02 -2.1149309280612432e+00
8.4600000000056452e-01 -2.8663351373120855e+02 -2.1378062460224077e+00
8.4800000000056652e-01 -2.8259393210567089e+02 -2.1654916300582308e+00
8.5000000000056852e-01 -2.7491763516520223e+02 -2.2058417303853219e+00
8.5200000000057052e-01 -2.7279711496000272e+02 -2.2260751265365775e+00
8.5400000000057252e-01 -2.6902110591674102e+02 -2.2523398763686098e+00
8.5600000000057452e-01 -2.6120983352341671e+02 -2.2981036513692481e+00
8.5800000000057652e-01 -2.6368273404354136e+02 -2.3140468575080937e+00
8.6000000000057852e-01 -2.6219130384604375e+02 -2.3499557762626306e+00
8.6200000000058052e-01 -2.5692727570404656e+02 -2.3976683666502110e+00
8.6400000000058252e-01 -2.6066680791079432e+02 -2.4234514503036180e+00
8.6600000000058452e-01 -2.5196122199456514e+02 -2.4665709599091756e+00
8.6800000000058652e-01 -2.4350319920707199e+02 -2.5048281313189658e+00
8.7000000000058852e-01 -2.5281308039707397e+02 -2.5224716224473802e+00
8.7200000000059052e-01 -2.3985952788399086e+02 -2.5662909645388328e+00
8.7400000000059253e-01 -2.4036143418871137e+02 -2.5958816178023265e+00
8.7600000000059453e-01 -2.4843147142033752e+02 -2.6081710016687780e+00
8.7800000000059653e-01 -2.3440910912136485e+02 -2.6560946598315707e+00
8.8000000000059853e-01 -2.4263859265399756e+02 -2.6513915315160288e+00
8.8200000000060053e-01 -2.4592353751569064e+02 -2.6761071650963202e+00
8.8400000000060253e-01 -2.3611152876559848e+02 -2.7029410662655580e+00
8.8600000000060453e-01 -2.4685721687465269e+02 -2.6939600184526777e+00
8.8800000000060653e-01 -2.4604135835442642e+02 -2.7165767849308389e+00
8.9000000000060853e-01 -2.4013607533965657e+02 -2.7378354172939194e+00
8.9200000000061053e-01 -2.4843769895262764e+02 -2.7360338509882784e+00
8.9400000000061253e-01 -2.4671411444123638e+02 -2.7650906434292897e+00
8.9600000000061453e-01 -2.4447914629260811e+02 -2.7775566814265047e+00
8.9800000000061653e-01 -2.5046586943040353e+02 -2.7801083593736791e+00
9.0000000000061853e-01 -2.5085985000811669e+02 -2.7977441324202612e+00
9.0200000000062053e-01 -2.4853599053028239e+02 -2.8072473329928584e+00
9.0400000000062253e-01 -2.5386017842293938e+02 -2.8110312013805734e+00
9.0600000000062453e-01 -2.5464333600349397e+02 -2.8149663012077748e+00
9.0800000000062653e-01 -2.5194974897279633e+02 -2.8331397289937268e+00
9.1000000000062853e-01 -2.5629386243298848e+02 -2.8289329311106397e+00
9.1200000000063053e-01 -2.6031430965234807e+02 -2.8245310548522307e+00
9.1400000000063253e-01 -2.5578621186182409e+02 -2.8354247655752389e+00
9.1600000000063453e-01 -2.5863129328297913e+02 -2.8283846670277244e+00
9.1800000000063653e-01 -2.6019940037771863e+02 -2.8362833943234054e+00
9.2000000000063853e-01 -2.5656333332637581e+02 -2.8536462716693700e+00
9.2200000000064053e-01 -2.5484469956583771e+02 -2.8699578779024417e+00
9.2400000000064253e-01 -2.5787347170857890e+02 -2.8788374146451150e+00
9.2600000000064453e-01 -2.5193103080341504e+02 -2.9072690206957446e+00
9.2800000000064653e-01 -2.5193905994760203e+02 -2.9186951559431846e+00
9.3000000000064853e-01 -2.5413931671082247e+02 -2.9274609973106576e+00
9.3200000000065053e-01 -2.4823278865744541e+02 -2.9480252074181656e+00
9.3400000000065253e-01 -2.4826840735786848e+02 -2.9546444139367960e+00
9.3600000000065453e-01 -2.5136881472184939e+02 -2.9600099539929290e+00
9.3800000000065653e-01 -2.4420910153749830e+02 -2.9812289177443101e+00
9.4000000000065853e-01 -2.4512834381027326e+02 -2.9822943196769458e+00
9.4200000000066053e-01 -2.4697378264623379e+02 -2.9933105920196050e+00
9.4400000000066253e-01 -2.3894822938374659e+02 -3.0119624129784190e+00
9.4600000000066453e-01 -2.4081893436978456e+02 -3.0142578223157455e+00
9.4800000000066653e-01 -2.4144657681076677e+02 -3.0306781650139651e+00
9.5000000000066853e-01 -2.3413121360956555e+02 -3.0505640344442395e+00
9.5200000000067053e-01 -2.3970378111160292e+02 -3.0467993179842758e+00
9.5400000000067253e-01 -2.4010731354852081e+02 -3.0574921588463906e+00
9.5600000000067453e-01 -2.3090118934530449e+02 -3.0836471247691484e+00
9.5800000000067653e-01 -2.3883169296621222e+02 -3.0773422129203505e+00
9.6000000000067853e-01 -2.4089280826173137e+02 -3.0869676378522577e+00
9.6200000000068053e-01 -2.3130474885857498e+02 -3.1082212979214794e+00
9.6400000000068253e-01 -2.3787311315396613e+02 -3.1064777291556975e+00
9.6600000000068453e-01 -2.3460220031886288e+02 -3.1249033662926098e+00
9.6800000000068653e-01 -2.3297849947128620e+02 -3.1271256644632457e+00
9.7000000000068853e-01 -2.3745033232026896e+02 -3.1226817098118094e+00
9.7200000000069053e-01 -2.3159303699282447e+02 -3.1440433563218360e+00
9.7400000000069253e-01 -2.3119952309610997e+02 -3.1467456414694932e+00
9.7600000000069453e-01 -2.3319601295553744e+02 -3.1453015583489847e+00
9.7800000000069653e-01 -2.2534925420863777e+02 -3.1714202652442323e+00
9.8000000000069853e-01 -2.2706770444661606e+02 -3.1714168664639537e+00
9.8200000000070053e-01 -2.2522918873159557e+02 -3.1896011667008333e+00
9.8400000000070253e-01 -2.1834455368124478e+02 -3.2169440801306539e+00
9.8600000000070454e-01 -2.2195488800315445e+02 -3.2174376732379089e+00
9.8800000000070654e-01 -2.1958598766622052e+02 -3.2376058993686634e+00
9.9000000000070854e-01 -2.1491657983952223e+02 -3.2556277666896354e+00
9.9200000000071054e-01 -2.1840402834372838e+02 -3.2614828868544006e+00
9.9400000000071254e-01 -2.1571224273072104e+02 -3.2869010533332967e+00
9.9600000000071454e-01 -2.1372555983408552e+02 -3.3085235634495831e+00
9.9800000000071654e-01 -2.1926141351802215e+02 -3.3203879392365643e+00
1.0000000000007185e+00 -2.1587387513432253e+02 -3.3485741759078591e+00
1.0020000000007094e+00 -2.1743777185275871e+02 -3.3651045631213035e+00
1.0040000000007003e+00 -2.2137197741686632e+02 -3.3829451214686936e+00
1.0060000000006912e+00 -2.2215834582071585e+02 -3.3983578395577108e+00
1.0080000000006821e+00 -2.2538264542067870e+02 -3.4053449886415055e+00
1.0100000000006730e+00 -2.3519963848574136e+02 -3.4045106819909727e+00
1.0120000000006639e+00 -2.3299452075048026e+02 -3.4121274323424244e+00
1.0140000000006548e+00 -2.2587314735544129e+02 -3.4386532760079400e+00
1.0160000000006457e+00 -2.2872554065960171e+02 -3.4541341564496091e+00
1.0180000000006366e+00 -2.3237605125743539e+02 -3.4623260001492948e+00
1.0200000000006275e+00 -2.3252645736765339e+02 -3.4660266442470835e+00
1.0220000000006184e+00 -2.3466832035446876e+02 -3.4610643699912114e+00
1.0240000000006093e+00 -2.3950296790651382e+02 -3.4496398480152508e+00
1.0260000000006002e+00 -2.4138524570596741e+02 -3.4421696875128998e+00
1.0280000000005911e+00 -2.4321930359102814e+02 -3.4356960316825518e+00
1.0300000000005820e+00 -2.4884649659536728e+02 -3.4195399454031743e+00
1.0320000000005729e+00 -2.5260227069300939e+02 -3.4134371590686499e+00
1.0340000000005638e+00 -2.5262736572872797e+02 -3.4097324159834397e+00
1.0360000000005547e+00 -2.5834956715432213e+02 -3.3908117650053029e+00
1.0380000000005456e+00 -2.6344812028406562e+02 -3.3790656459953694e+00
1.0400000000005365e+00 -2.6001260425409475e+02 -3.3867927715410167e+00
1.0420000000005274e+00 -2.6594511028056911e+02 -3.3647845097153275e+00
1.0440000000005183e+00 -2.7101262526654199e+02 -3.3526957488787157e+00
1.0460000000005092e+00 -2.6720933165015356e+02 -3.3725864767864424e+00
1.0480000000005001e+00 -2.6619855964733267e+02 -3.3657610598774470e+00
1.0500000000004910e+00 -2.7815734557971206e+02 -3.3358826405953965e+00
1.0520000000004819e+00 -2.7069998023279499e+02 -3.3661091072126070e+00
1.0540000000004728e+00 -2.6724289563980653e+02 -3.3783254882267881e+00
1.0560000000004637e+00 -2.7799759494520646e+02 -3.3445757023280254e+00
1.0580000000004546e+00 -2.7368119562534008e+02 -3.3731901058411733e+00
1.0600000000004455e+00 -2.6607882527124013e+02 -3.4028907554873915e+00
1.0620000000004364e+00 -2.7827096813745538e+02 -3.3643306619605768e+00
1.0640000000004273e+00 -2.7199225134339196e+02 -3.4001113855476199e+00
1.0660000000004182e+00 -2.6627886589496291e+02 -3.4246595949504783e+00
1.0680000000004091e+00 -2.7768660020370095e+02 -3.3819764863961264e+00
1.0700000000004000e+00 -2.7274664535133741e+02 -3.4151776887015250e+00
1.0720000000003909e+00 -2.6504680402624473e+02 -3.4311378990094843e+00
1.0740000000003818e+00 -2.7550685367350110e+02 -3.3838051092794239e+00
1.0760000000003727e+00 -2.7164236477614838e+02 -3.4130334179857322e+00
1.0780000000003636e+00 -2.6264065399527436e+02 -3.4623243497489877e+00
1.0800000000003545e+00 -2.7610913665265514e+02 -3.4080090827595115e+00
1.0820000000003454e+00 -2.7549936915533124e+02 -3.4302666699067825e+00
1.0840000000003363e+00 -2.6386953421372277e+02 -3.4576174564591247e+00
1.0860000000003271e+00 -2.7353579818131129e+02 -3.4080345579049354e+00
1.0880000000003180e+00 -2.7843764234228576e+02 -3.4033444153642516e+00
1.0900000000003089e+00 -2.6613720636073202e+02 -3.4478073997301535e+00
1.0920000000002998e+00 -2.7283532413931880e+02 -3.4113131332862383e+00
1.0940000000002907e+00 -2.8108596386793209e+02 -3.3927094260960362e+00
1.0960000000002816e+00 -2.6908218308484976e+02 -3.4335046270500005e+00
1.0980000000002725e+00 -2.6565852416238306e+02 -3.4326868882284436e+00
1.1000000000002634e+00 -3.1940930096175748e+02 -3.3040014207555450e+00
1.1020000000002543e+00 -2.3102186721022264e+02 -3.6622209948315612e+00
1.1040000000002452e+00 -3.1434523277695934e+02 -3.2900963626108437e+00
1.1060000000002361e+00 -2.6528610579148204e+02 -3.3263239845649419e+00
1.1080000000002270e+00 -2.6685530734880120e+02 -3.4122201967555115e+00
1.1100000000002179e+00 -2.6207468745971141e+02 -3.4422758375142011e+00
1.1120000000002088e+00 -1.9534949114702118e+02 -3.6464537487720996e+00
1.1140000000001997e+00 -2.8085807397270156e+02 -3.4192519776284773e+00
1.1160000000001906e+00 -2.0916130077790979e+02 -3.6211459970910393e+00
1.1180000000001815e+00 -2.3595209553225692e+02 -3.6197513407910735e+00
1.1200000000001724e+00 -2.4603396087666212e+02 -3.5683353521735337e+00
1.1220000000001633e+00 -2.1107917074777754e+02 -3.7332579829346790e+00
1.1240000000001542e+00 -2.6030458655981010e+02 -3.6012767328561570e+00
1.1260000000001451e+00 -2.2564220816461591e+02 -3.7230093812590117e+00
1.1280000000001360e+00 -2.4932127173807234e+02 -3.7015328313196458e+00
1.1300000000001269e+00 -2.4336170425746559e+02 -3.7022478339227241e+00
1.1320000000001178e+00 -2.5153276088796554e+02 -3.7216024197099413e+00
1.1340000000001087e+00 -2.4602701108089707e+02 -3.7356868664964362e+00
1.1360000000000996e+00 -2.6262506365210407e+02 -3.6871619677849807e+00
1.1380000000000905e+00 -2.5579344402182599e+02 -3.7103605715150629e+00
1.1400000000000814e+00 -2.5062292886762867e+02 -3.7535060414106836e+00
1.1420000000000723e+00 -2.7594342816111561e+02 -3.6452178347964832e+00
1.1440000000000632e+00 -2.5511723052956873e+02 -3.7175436425587662e+00
1.1460000000000541e+00 -2.5321048531653213e+02 -3.7507983610440694e+00
1.1480000000000450e+00 -2.7677682012939300e+02 -3.6575718650269455e+00
1.1500000000000359e+00 -2.6295660318788356e+02 -3.7140361420314494e+00
1.1520000000000268e+00 -2.5671082891821322e+02 -3.7571110440900606e+00
1.1540000000000177e+00 -2.8697316683606101e+02 -3.6601078439082695e+00
1.1560000000000086e+00 -2.7504146421489435e+02 -3.6935900934290671e+00
1.1579999999999995e+00 -2.6090615833876950e+02 -3.7663025176838554e+00
1.1599999999999904e+00 -2.9351815200144597e+02 -3.6600240182183850e+00
1.1619999999999813e+00 -2.8237565776504346e+02 -3.6840893366423839e+00
1.1639999999999722e+00 -2.6467424883684492e+02 -3.7666123137930168e+00
1.1659999999999631e+00 -2.8194963684295209e+02 -3.7386147850131266e+00
1.1679999999999540e+00 -2.7848143937424169e+02 -3.7101271575717640e+00
1.1699999999999449e+00 -2.8711345033905860e+02 -3.8863626875522419e+00
1.1719999999999358e+00 -3.3588207182466471e+02 -3.4786186042156766e+00
1.1739999999999267e+00 -2.8769808300643666e+02 -3.5735748561493366e+00
1.1759999999999176e+00 -2.3334270794247027e+02 -3.6540961651380646e+00
1.1779999999999085e+00 -3.6229570680298929e+02 -3.3290374053952747e+00
1.1799999999998994e+00 -2.3234518045745151e+02 -3.5054874392582183e+00
1.1819999999998902e+00 -3.4234405947814304e+02 -3.2399104217526418e+00
1.1839999999998811e+00 -2.3702600911642227e+02 -3.4066571738941045e+00
1.1859999999998720e+00 -3.0674601185247764e+02 -3.2882156718247950e+00
1.1879999999998629e+00 -2.4879162833064890e+02 -3.3603820281233694e+00
1.1899999999998538e+00 -2.2645076406283232e+02 -3.4897649082624120e+00
1.1919999999998447e+00 -2.6127033059085801e+02 -3.3810759833015869e+00
1.1939999999998356e+00 -2.0103741278887864e+02 -3.5587062294531631e+00
1.1959999999998265e+00 -2.4043130141743191e+02 -3.5105206249927492e+00
1.1979999999998174e+00 -1.9869967968379603e+02 -3.6253893341390517e+00
1.1999999999998083e+00 -2.2539096402406739e+02 -3.5863426121224737e+00
1.2019999999997992e+00 -2.1052082735820707e+02 -3.6217280115108355e+00
1.2039999999997901e+00 -2.1217157108983432e+02 -3.6526786701065665e+00
1.2059999999997810e+00 -2.3350645820362411e+02 -3.6023997508196492e+00
1.2079999999997719e+00 -2.0670502205131274e+02 -3.6590350064875885e+00
1.2099999999997628e+00 -2.3189448980446525e+02 -3.6214985057873355e+00
1.2119999999997537e+00 -2.2397013864089490e+02 -3.6352985979840593e+00
1.2139999999997446e+00 -2.2445095921169522e+02 -3.6421723714069461e+00
1.2159999999997355e+00 -2.2581180335464967e+02 -3.6474579542552648e+00
1.2179999999997264e+00 -2.3439238334258414e+02 -3.6294553173991209e+00
1.2199999999997173e+00 -2.2186110898072903e+02 -3.6620324685313239e+00
1.2219999999997082e+00 -2.2726497609807805e+02 -3.6636354253197254e+00
1.2239999999996991e+00 -2.3569132928871895e+02 -3.6475189721252379e+00
1.2259999999996900e+00 -2.2581095414271780e+02 -3.6680861260246944e+00
1.2279999999996809e+00 -2.2449625756893695e+02 -3.6854400564460366e+00
1.2299999999996718e+00 -2.3236033211750879e+02 -3.6782496749255946e+00
1.2319999999996627e+00 -2.3887859631069492e+02 -3.6561172811145846e+00
1.2339999999996536e+00 -2.2593721676813684e+02 -3.6849620878093421e+00
1.2359999999996445e+00 -2.3184676098223741e+02 -3.6914528308333900e+00
1.2379999999996354e+00 -2.4373842599007182e+02 -3.6653097437504147e+00
1.2399999999996263e+00 -2.4164298651166987e+02 -3.6546059613508612e+00
1.2419999999996172e+00 -2.3222951218658415e+02 -3.6850066572479419e+00
1.2439999999996081e+00 -2.3949720640997634e+02 -3.6863612825627139e+00
1.2459999999995990e+00 -2.5080611501895643e+02 -3.6520350016621457e+00
1.2479999999995899e+00 -2.4200552294806880e+02 -3.6559686515103111e+00
1.2499999999995808e+00 -2.3543402456445435e+02 -3.6877981497396384e+00
1.2519999999995717e+00 -2.4728023804939335e+02 -3.6734228451423436e+00
1.2539999999995626e+00 -2.5383888756817407e+02 -3.6401388623502036e+00
1.2559999999995535e+00 -2.4202316723311316e+02 -3.6594748328237405e+00
1.2579999999995444e+00 -2.4148668899346882e+02 -3.6801014685700650e+00
1.2599999999995353e+00 -2.5511450221281535e+02 -3.6496474544844419e+00
1.2619999999995262e+00 -2.5359073409489380e+02 -3.6295101558375791e+00
1.2639999999995171e+00 -2.4262642751400850e+02 -3.6591570685281694e+00
1.2659999999995080e+00 -2.4802069114107780e+02 -3.6656866160711750e+00
1.2679999999994989e+00 -2.5908058373063227e+02 -3.6302932187721750e+00
1.2699999999994898e+00 -2.5152836842616938e+02 -3.6268671410958890e+00
1.2719999999994807e+00 -2.4487336200032814e+02 -3.6551118265486182e+00
1.2739999999994716e+00 -2.5442160243562097e+02 -3.6438426876656145e+00
1.2759999999994625e+00 -2.5988047553322508e+02 -3.6155511460205281e+00
1.2779999999994534e+00 -2.5050440876326167e+02 -3.6256074445396038e+00
1.2799999999994442e+00 -2.4898752065288218e+02 -3.6443726098250564e+00
1.2819999999994351e+00 -2.5958437923009689e+02 -3.6223837780550308e+00
1.2839999999994260e+00 -2.5864334762974966e+02 -3.6061841309403211e+00
1.2859999999994169e+00 -2.5010657471138694e+02 -3.6243944665822365e+00
1.2879999999994078e+00 -2.5206481827163944e+02 -3.6337482913401851e+00
1.2899999999993987e+00 -2.6123987712773805e+02 -3.6077809983564215e+00
1.2919999999993896e+00 -2.5542416930949537e+02 -3.6066602752052250e+00
1.2939999999993805e+00 -2.4728726405545689e+02 -3.6314383202925580e+00
1.2959999999993714e+00 -2.5513257344940635e+02 -3.6261386930910522e+00
1.2979999999993623e+00 -2.6127522342297294e+02 -3.6018990389835235e+00
1.2999999999993532e+00 -2.5230390030661326e+02 -3.6113768844258622e+00
1.3019999999993441e+00 -2.4905682183000593e+02 -3.6308217622038188e+00
1.3039999999993350e+00 -2.6055562477547801e+02 -3.6084172571365491e+00
1.3059999999993259e+00 -2.6080856696087574e+02 -3.5934869704091863e+00
1.3079999999993168e+00 -2.5069570860654392e+02 -3.6108244662753735e+00
1.3099999999993077e+00 -2.5280028078745192e+02 -3.6208725093517047e+00
1.3119999999992986e+00 -2.6401522274086761e+02 -3.5916371785540515e+00
1.3139999999992895e+00 -2.5944487853303940e+02 -3.5868828030996251e+00
1.3159999999992804e+00 -2.5052258482194756e+02 -3.6081458443903758e+00
1.3179999999992713e+00 -2.5764475318508960e+02 -3.6039503334107423e+00
1.3199999999992622e+00 -2.6598285192467608e+02 -3.5762213520558825e+00
1.3219999999992531e+00 -2.5799691781919552e+02 -3.5807279649069437e+00
1.3239999999992440e+00 -2.5212575150963681e+02 -3.6011637773882601e+00
1.3259999999992349e+00 -2.6325908025817557e+02 -3.5821770453916422e+00
1.3279999999992258e+00 -2.6602555842111690e+02 -3.5624456019061381e+00
1.3299999999992167e+00 -2.5584149877393676e+02 -3.5760116626364264e+00
1.3319999999992076e+00 -2.5600137439955967e+02 -3.5873258946039988e+00
1.3339999999991985e+00 -2.6776175274951731e+02 -3.5594997904674153e+00
1.3359999999991894e+00 -2.6469240416575985e+02 -3.5512909411760654e+00
1.3379999999991803e+00 -2.5573681637018834e+02 -3.5681439755050186e+00
1.3399999999991712e+00 -2.6123488600246867e+02 -3.5667550633031784e+00
1.3419999999991621e+00 -2.6998227217120899e+02 -3.5397699644731513e+00
1.3439999999991530e+00 -2.6309743962400324e+02 -3.5416267566803050e+00
1.3459999999991439e+00 -2.5717607992257757e+02 -3.5577382182918873e+00
1.3479999999991348e+00 -2.6615264483030199e+02 -3.5431272902816104e+00
1.3499999999991257e+00 -2.6984597860599990e+02 -3.5241861818014244e+00
1.3519999999991166e+00 -2.6116209495256686e+02 -3.5332680356882782e+00
1.3539999999991075e+00 -2.5998070305962688e+02 -3.5430245116970327e+00
1.3559999999990984e+00 -2.6984887665888556e+02 -3.5204330448674170e+00
1.3579999999990893e+00 -2.6879660897624893e+02 -3.5102120208294911e+00
1.3599999999990802e+00 -2.6040512605789769e+02 -3.5219482217001357e+00
1.3619999999990711e+00 -2.6377385999584260e+02 -3.5227617601644328e+00
1.3639999999990620e+00 -2.7218894731592769e+02 -3.4982700641325275e+00
1.3659999999990529e+00 -2.6714197053093949e+02 -3.4966665409236910e+00
1.3679999999990438e+00 -2.6091405734871097e+02 -3.5094024334499720e+00
1.3699999999990347e+00 -2.6731283139676526e+02 -3.5005010820333124e+00
1.3719999999990256e+00 -2.7166067195149691e+02 -3.4818184586859111e+00
1.3739999999990165e+00 -2.6522805155729236e+02 -3.4842737768753826e+00
1.3759999999990074e+00 -2.6246068525660166e+02 -3.4956793182934769e+00
1.3779999999989982e+00 -2.7218311908674417e+02 -3.4737069002009089e+00
1.3799999999989891e+00 -2.7021249459920693e+02 -3.4666323477416530e+00
1.3819999999989800e+00 -2.6470141894399950e+02 -3.4745213089995204e+00
1.3839999999989709e+00 -2.6603151168332528e+02 -3.4733454594421929e+00
1.3859999999989618e+00 -2.7119113220878006e+02 -3.4589532903484903e+00
1.3879999999989527e+00 -2.6963236895157718e+02 -3.4534546941534989e+00
1.3899999999989436e+00 -2.6466090617771488e+02 -3.4593434781976615e+00
1.3919999999989345e+00 -2.6818627628734453e+02 -3.4544106908580785e+00
1.3939999999989254e+00 -2.7170102201030829e+02 -3.4418198069868660e+00
1.3959999999989163e+00 -2.6943517150019858e+02 -3.4374023558746578e+00
1.3979999999989072e+00 -2.6603090665667133e+02 -3.4429414539094427e+00
1.3999999999988981e+00 -2.7045380472010839e+02 -3.4346684014636608e+00
1.4019999999988890e+00 -2.7286513901146878e+02 -3.4229683082506681e+00
1.4039999999988799e+00 -2.6984629432561400e+02 -3.4210341612533792e+00
1.4059999999988708e+00 -2.6799724415005630e+02 -3.4251250703751053e+00
1.4079999999988617e+00 -2.7230400425765856e+02 -3.4156204455987793e+00
1.4099999999988526e+00 -2.7387473695471851e+02 -3.4049670083326604e+00
1.4119999999988435e+00 -2.7040585095374945e+02 -3.4045691347615579e+00
1.4139999999988344e+00 -2.6971122169877543e+02 -3.4067874148340538e+00
1.4159999999988253e+00 -2.7367901325982535e+02 -3.3961166972787606e+00
1.4179999999988162e+00 -2.7430224159520770e+02 -3.3867989757055255e+00
1.4199999999988071e+00 -2.7087105933878178e+02 -3.3869990780523600e+00
1.4219999999987980e+00 -2.7109861449501091e+02 -3.3868716840721587e+00
1.4239999999987889e+00 -2.7484934792541776e+02 -3.3760032708144045e+00
1.4259999999987798e+00 -2.7455358275817923e+02 -3.3682184655787788e+00
1.4279999999987707e+00 -2.7093307166945175e+02 -3.3700615261712228e+00
1.4299999999987616e+00 -2.7169345063252547e+02 -3.3691570649604143e+00
1.4319999999987525e+00 -2.7527837099279634e+02 -3.3580714550045907e+00
1.4339999999987434e+00 -2.7412180950971674e+02 -3.3517302228288806e+00
1.4359999999987343e+00 -2.7074786975579167e+02 -3.3542058071889977e+00
1.4379999999987252e+00 -2.7242198591063573e+02 -3.3513410360712728e+00
1.4399999999987161e+00 -2.7594271086841252e+02 -3.3393560816104109e+00
1.4419999999987070e+00 -2.7420072658655653e+02 -3.3339366910706301e+00
1.4439999999986979e+00 -2.7156794077532379e+02 -3.3358870362510453e+00
1.4459999999986888e+00 -2.7362131499371509e+02 -3.3310759862625892e+00
1.4479999999986797e+00 -2.7625882257534732e+02 -3.3207645759329347e+00
1.4499999999986706e+00 -2.7452171262118611e+02 -3.3155268996614282e+00
1.4519999999986615e+00 -2.7215620454119045e+02 -3.3168027378533242e+00
1.4539999999986524e+00 -2.7412993472350183e+02 -3.3119232981632165e+00
1.4559999999986433e+00 -2.7635509921733245e+02 -3.3023768814950398e+00
1.4579999999986342e+00 -2.7466244741092237e+02 -3.2968292775541661e+00
1.4599999999986251e+00 -2.7263865979070761e+02 -3.2974329265285984e+00
1.4619999999986160e+00 -2.7529348754960273e+02 -3.2907537420981172e+00
1.4639999999986069e+00 -2.7782535085485938e+02 -3.2792912177186211e+00
1.4659999999985978e+00 -2.7623384044414314e+02 -3.2731468618250035e+00
1.4679999999985887e+00 -2.7442291333081818e+02 -3.2730674978624354e+00
1.4699999999985796e+00 -2.7717857887225404e+02 -3.2660276307813798e+00
1.4719999999985705e+00 -2.7930657326717647e+02 -3.2549859816605293e+00
1.4739999999985613e+00 -2.7717704598761071e+02 -3.2499241886739156e+00
1.4759999999985522e+00 -2.7528973055185850e+02 -3.2505033342727638e+00
1.4779999999985431e+00 -2.7818633942941443e+02 -3.2433679960803699e+00
1.4799999999985340e+00 -2.8014162723223279e+02 -3.2321413543433302e+00
1.4819999999985249e+00 -2.7767814378759300e+02 -3.2277345149621248e+00
1.4839999999985158e+00 -2.7605615581497830e+02 -3.2280970748304503e+00
1.4859999999985067e+00 -2.7927959546319028e+02 -3.2199700444984329e+00
1.4879999999984976e+00 -2.8087964538273167e+02 -3.2092804312209129e+00
1.4899999999984885e+00 -2.7818569951298826e+02 -3.2054682316095047e+00
1.4919999999984794e+00 -2.7672102519938983e+02 -3.2058441191205671e+00
1.4939999999984703e+00 -2.8014285730303794e+02 -3.1974301112471815e+00
1.4959999999984612e+00 -2.8120849128439778e+02 -3.1876945794409899e+00
1.4979999999984521e+00 -2.7845338479446747e+02 -3.1842128429576015e+00
1.4999999999984430e+00 -2.7734942017968160e+02 -3.1842798826066185e+00
1.5019999999984339e+00 -2.8087094857193193e+02 -3.1762708164317202e+00
1.5039999999984248e+00 -2.8191995227080247e+02 -3.1653929877284983e+00
1.5059999999984157e+00 -2.7828416375417555e+02 -3.1646904235445672e+00
1.5079999999984066e+00 -2.7728905114255986e+02 -3.1664464523438962e+00
1.5099999999983975e+00 -2.8236569270300373e+02 -3.1550481311160365e+00
1.5119999999983884e+00 -2.8167233445868050e+02 -3.1463709073539206e+00
1.5139999999983793e+00 -2.7691636172676510e+02 -3.1498788584267361e+00
1.5159999999983702e+00 -2.7758363517186513e+02 -3.1495212294285926e+00
1.5179999999983611e+00 -2.8308426245228151e+02 -3.1355011572474800e+00
1.5199999999983520e+00 -2.8117271530270062e+02 -3.1284497546695169e+00
1.5219999999983429e+00 -2.7690695413935396e+02 -3.1321321160204643e+00
1.5239999999983338e+00 -2.7967221184021446e+02 -3.1273987458347237e+00
1.5259999999983247e+00 -2.8467196021912423e+02 -3.1130495661005670e+00
1.5279999999983156e+00 -2.8083022032546808e+02 -3.1095293641147039e+00
1.5299999999983065e+00 -2.7723059333376983e+02 -3.1142931910712623e+00
1.5319999999982974e+00 -2.8226675636680869e+02 -3.1040733296855016e+00
1.5339999999982883e+00 -2.8476768599655577e+02 -3.0920830537334791e+00
1.5359999999982792e+00 -2.7945704959808387e+02 -3.0950473676944852e+00
1.5379999999982701e+00 -2.7775378643009850e+02 -3.0992727041420940e+00
1.5399999999982610e+00 -2.8448986485253914e+02 -3.0846519090515483e+00
1.5419999999982519e+00 -2.8395838249833611e+02 -3.0768905874742023e+00
1.5439999999982428e+00 -2.7899685234949300e+02 -3.0814745745738086e+00
1.5459999999982337e+00 -2.7950330676748092e+02 -3.0810559460193825e+00
1.5479999999982246e+00 -2.8562654732822716e+02 -3.0661689292035899e+00
1.5499999999982155e+00 -2.8237958182308125e+02 -3.0640176801727175e+00
1.5519999999982064e+00 -2.7839959850580118e+02 -3.0686681500451223e+00
1.5539999999981973e+00 -2.8105320779689447e+02 -3.0628298131004938e+00
1.5559999999981882e+00 -2.8425528819979297e+02 -3.0522742466034649e+00
1.5579999999981791e+00 -2.8117719457597087e+02 -3.0521564775384253e+00
1.5599999999981700e+00 -2.7908851914452487e+02 -3.0528521319659325e+00
1.5619999999981609e+00 -2.8157867418367130e+02 -3.0453058404882452e+00
1.5639999999981518e+00 -2.8268013213423768e+02 -3.0399262582507300e+00
1.5659999999981427e+00 -2.8151120232311007e+02 -3.0377891409289641e+00
1.5679999999981336e+00 -2.7966715675762845e+02 -3.0365202091468348e+00
1.5699999999981245e+00 -2.8057037780913959e+02 -3.0324153471490387e+00
1.5719999999981153e+00 -2.8144490393637693e+02 -3.0288781019212836e+00
1.5739999999981062e+00 -2.8132344154253883e+02 -3.0249154390779598e+00
1.5759999999980971e+00 -2.7941468430350994e+02 -3.0233756604403577e+00
1.5779999999980880e+00 -2.7920753058927374e+02 -3.0217077971030206e+00
1.5799999999980789e+00 -2.8032436852525757e+02 -3.0185703756743010e+00
1.5819999999980698e+00 -2.8093634143820765e+02 -3.0134780972965474e+00
1.5839999999980607e+00 -2.7820560863419763e+02 -3.0144162609303597e+00
1.5859999999980516e+00 -2.6131648915556673e+02 -3.0628951736804511e+00
1.5879999999980425e+00 -2.6973888999670220e+02 -3.0439166097622530e+00
1.5899999999980334e+00 -2.6675957737391735e+02 -3.0651029594854671e+00
1.5919999999980243e+00 -2.8071640367994712e+02 -2.9723848859068998e+00
1.5939999999980152e+00 -3.0370445805061649e+02 -2.8765588254422800e+00
1.5959999999980061e+00 -2.9540539480993408e+02 -2.8668573264582173e+00
1.5979999999979970e+00 -3.2125318275291397e+02 -2.7922121074581070e+00
1.5999999999979879e+00 -3.2366048582104253e+02 -2.7460942406785080e+00
1.6019999999979788e+00 -3.2819617531855937e+02 -2.7303273685803027e+00
1.6039999999979697e+00 -3.4038122556495296e+02 -2.6743599896176780e+00
1.6059999999979606e+00 -3.3513484327952312e+02 -2.6770421835423406e+00
1.6079999999979515e+00 -3.5139884078799037e+02 -2.6275389029307012e+00
1.6099999999979424e+00 -3.4694698726625870e+02 -2.6157169478700935e+00
1.6119999999979333e+00 -3.5977782524317587e+02 -2.5727414681909084e+00
1.6139999999979242e+00 -3.6081473391526771e+02 -2.5480861743514711e+00
1.6159999999979151e+00 -3.6574270718651616e+02 -2.5272435126875590e+00
1.6179999999979060e+00 -3.6891337167552120e+02 -2.4985236107414410e+00
1.6199999999978969e+00 -3.6390821379409721e+02 -2.5150490948482003e+00
1.6219999999978878e+00 -3.6645713479819040e+02 -2.4987339054375139e+00
1.6239999999978787e+00 -3.6693473978844833e+02 -2.4967654041768377e+00
1.6259999999978696e+00 -3.7090449645266187e+02 -2.4734369047322491e+00
1.6279999999978605e+00 -3.7244998038175288e+02 -2.4651274761799131e+00
1.6299999999978514e+00 -3.7374155858840862e+02 -2.4519176671525513e+00
1.6319999999978423e+00 -3.7542289799305343e+02 -2.4402897756730479e+00
1.6339999999978332e+00 -3.7468875193146022e+02 -2.4386405370724442e+00
1.6359999999978241e+00 -3.7634133815275140e+02 -2.4310478552352923e+00
1.6379999999978150e+00 -3.7645329924927455e+02 -2.4290581937437943e+00
1.6399999999978059e+00 -3.7712360184097940e+02 -2.4265650290773402e+00
1.6419999999977968e+00 -3.7842684949692853e+02 -2.4227054583290397e+00
1.6439999999977877e+00 -3.7803252196751333e+02 -2.4253618758794322e+00
1.6459999999977786e+00 -3.7867467045350281e+02 -2.4227926050354127e+00
1.6479999999977695e+00 -3.7892385476152589e+02 -2.4220770799944900e+00
1.6499999999977604e+00 -3.8051949178327988e+02 -2.4155517743500377e+00
1.6519999999977513e+00 -3.8108958679503996e+02 -2.4134408197151420e+00
1.6539999999977422e+00 -3.8217541938158143e+02 -2.4100881254383468e+00
1.6559999999977331e+00 -3.8379842137988430e+02 -2.4060593912296100e+00
1.6579999999977240e+00 -3.8712434097228066e+02 -2.3913311835624649e+00
1.6599999999977149e+00 -3.8929702274749314e+02 -2.3791762422928433e+00
1.6619999999977058e+00 -3.9149491456827172e+02 -2.3662299288496489e+00
1.6639999999976967e+00 -3.9427507047618644e+02 -2.3484566304747960e+00
1.6659999999976876e+00 -3.9605582557598063e+02 -2.3325735787781108e+00
1.6679999999976785e+00 -3.9865147862140157e+02 -2.3159354991212706e+00
1.6699999999976693e+00 -3.9951028097464916e+02 -2.3044367414366169e+00
1.6719999999976602e+00 -4.0173676414869777e+02 -2.2921627537180331e+00
1.6739999999976511e+00 -4.0412634517181704e+02 -2.2759438519264559e+00
1.6759999999976420e+00 -4.0635388385061998e+02 -2.2584047245860748e+00
1.6779999999976329e+00 -4.0847012164591501e+02 -2.2397995753572597e+00
1.6799999999976238e+00 -4.0992036001733908e+02 -2.2226634723053218e+00
1.6819999999976147e+00 -4.1235397361313238e+02 -2.2020824526916218e+00
1.6839999999976056e+00 -4.1515246326654267e+02 -2.1798719869976133e+00
1.6859999999975965e+00 -4.1701457490944466e+02 -2.1597140404805870e+00
1.6879999999975874e+00 -4.1850527881279908e+02 -2.1415983712701903e+00
1.6899999999975783e+00 -4.1943623306409461e+02 -2.1269829982585162e+00
1.6919999999975692e+00 -4.2069461725971883e+02 -2.1123589937503167e+00
1.6939999999975601e+00 -4.2207822889038755e+02 -2.0976325840468131e+00
1.6959999999975510e+00 -4.2300681395124957e+02 -2.0843118113563390e+00
1.6979999999975419e+00 -4.2390394163168389e+02 -2.0710945519133386e+00
1.6999999999975328e+00 -4.2462395504755091e+02 -2.0586364844672391e+00
1.7019999999975237e+00 -4.2530787398045447e+02 -2.0459883676377633e+00
1.7039999999975146e+00 -4.2592904804005258e+02 -2.0335526231292143e+00
1.7059999999975055e+00 -4.2645577625884238e+02 -2.0214202740914575e+00
1.7079999999974964e+00 -4.2697093436523249e+02 -2.0092874281213922e+00
1.7099999999974873e+00 -4.2742666557462871e+02 -1.9973534333033700e+00
1.7119999999974782e+00 -4.2773097155274428e+02 -1.9857280398568873e+00
1.7139999999974691e+00 -4.2781410477968547e+02 -1.9751271565401001e+00
1.7159999999974600e+00 -4.2804181126671921e+02 -1.9640145837014338e+00
1.7179999999974509e+00 -4.2815459371263256e+02 -1.9529965016006963e+00
1.7199999999974418e+00 -4.2798723945865470e+02 -1.9429503022384629e+00
1.7219999999974327e+00 -4.2781856806519147e+02 -1.9322854441123174e+00
1.7239999999974236e+00 -4.2763238390284710e+02 -1.9223162817265087e+00
1.7259999999974145e+00 -4.2748558167798404e+02 -1.9121755366684448e+00
1.7279999999974054e+00 -4.2738162406890024e+02 -1.9021111270591915e+00
1.7299999999973963e+00 -4.2729642100548512e+02 -1.8917550545894448e+00
1.7319999999973872e+00 -4.2712174599189871e+02 -1.8818763095203852e+00
1.7339999999973781e+00 -4.2702775258327563e+02 -1.8718210192773164e+00
1.7359999999973690e+00 -4.2689960554740031e+02 -1.8615383376664278e+00
1.7379999999973599e+00 -4.2675296733393770e+02 -1.8512000287556989e+00
1.7399999999973508e+00 -4.2653517270011042e+02 -1.8410559198019565e+00
1.7419999999973417e+00 -4.2633271699433698e+02 -1.8309914687706701e+00
1.7439999999973326e+00 -4.2608109616516776e+02 -1.8212711898930665e+00
1.7459999999973235e+00 -4.2583812964067630e+02 -1.8112009692483415e+00
1.7479999999973144e+00 -4.2561061540027646e+02 -1.8008612694112993e+00
1.7499999999973053e+00 -4.2540661458661475e+02 -1.7902850423240910e+00
1.7519999999972962e+00 -4.2512038184787241e+02 -1.7799259236409157e+00
1.7539999999972871e+00 -4.2478628990889280e+02 -1.7700912793872148e+00
1.7559999999972780e+00 -4.2443017590121650e+02 -1.7607263344135575e+00
1.7579999999972689e+00 -4.2397529910378034e+02 -1.7516673591333094e+00
1.7599999999972598e+00 -4.2348070691621723e+02 -1.7426962442202938e+00
1.7619999999972507e+00 -4.2296630371843429e+02 -1.7338508753120254e+00
1.7639999999972416e+00 -4.2245897015811511e+02 -1.7251702218646454e+00
1.7659999999972325e+00 -4.2196718525728778e+02 -1.7165981907278296e+00
1.7679999999972233e+00 -4.2141501567240243e+02 -1.7082625483058482e+00
1.7699999999972142e+00 -4.2089677060449003e+02 -1.7000798477816810e+00
1.7719999999972051e+00 -4.2034757757319079e+02 -1.6920855233671179e+00
1.7739999999971960e+00 -4.1979898138353468e+02 -1.6842680617545456e+00
1.7759999999971869e+00 -4.1924412734366285e+02 -1.6765471689993257e+00
1.7779999999971778e+00 -4.1867227458588212e+02 -1.6690645504309869e+00
1.7799999999971687e+00 -4.1811135798970383e+02 -1.6616291372327887e+00
1.7819999999971596e+00 -4.1753015802215634e+02 -1.6544033161556866e+00
1.7839999999971505e+00 -4.1696254400146154e+02 -1.6472955823231052e+00
1.7859999999971414e+00 -4.1637690951210169e+02 -1.6403012304565918e+00
1.7879999999971323e+00 -4.1578224902058469e+02 -1.6334865528583529e+00
1.7899999999971232e+00 -4.1518361914510905e+02 -1.6266913315733036e+00
1.7919999999971141e+00 -4.1463209068582989e+02 -1.6200614256923442e+00
1.7939999999971050e+00 -4.1409460462987249e+02 -1.6132310230985265e+00
1.7959999999970959e+00 -4.1355190312297765e+02 -1.6065263963648426e+00
1.7979999999970868e+00 -4.1298409014880468e+02 -1.6002207161454980e+00
1.7999999999970777e+00 -4.1247588558248646e+02 -1.5936324225155118e+00
1.8019999999970686e+00 -4.1194214755977202e+02 -1.5873163250636946e+00
1.8039999999970595e+00 -4.1142567905760268e+02 -1.5809325850105842e+00
1.8059999999970504e+00 -4.1092189984460305e+02 -1.5746555516912486e+00
1.8079999999970413e+00 -4.1039604447998778e+02 -1.5685169254551685e+00
1.8099999999970322e+00 -4.0992025739713500e+02 -1.5622689074482112e+00
1.8119999999970231e+00 -4.0940799410837002e+02 -1.5562458344026713e+00
1.8139999999970140e+00 -4.0894052182893574e+02 -1.5501461580713378e+00
1.8159999999970049e+00 -4.0845824169644072e+02 -1.5441701913614803e+00
1.8179999999969958e+00 -4.0799056077907125e+02 -1.5382311548662619e+00
1.8199999999969867e+00 -4.0755378603759556e+02 -1.5322386650777313e+00
1.8219999999969776e+00 -4.0710722931087088e+02 -1.5263532145245515e+00
1.8239999999969685e+00 -4.0670779573999266e+02 -1.5203403265075222e+00
1.8259999999969594e+00 -4.0628802462869072e+02 -1.5144385120100838e+00
1.8279999999969503e+00 -4.0590086167836898e+02 -1.5084646971068834e+00
1.8299999999969412e+00 -4.0552649209573678e+02 -1.5024268133007448e+00
1.8319999999969321e+00 -4.0515147688171982e+02 -1.4964216525554175e+00
1.8339999999969230e+00 -4.0481263947894973e+02 -1.4902945728323391e+00
1.8359999999969139e+00 -4.0445740810457687e+02 -1.4842442130523179e+00
1.8379999999969048e+00 -4.0414545738761598e+02 -1.4780622467115494e+00
1.8399999999968957e+00 -4.0380381408112953e+02 -1.4719247213551720e+00
1.8419999999968866e+00 -4.0349502980004388e+02 -1.4657509497700840e+00
1.8439999999968775e+00 -4.0330151449075794e+02 -1.4589102794376450e+00
1.8459999999968684e+00 -4.0311506869407600e+02 -1.4514696500755726e+00
1.8479999999968593e+00 -4.0297455637044021e+02 -1.4433864693522935e+00
1.8499999999968502e+00 -4.0280269290444420e+02 -1.4349166021938646e+00
1.8519999999968411e+00 -4.0265635626727112e+02 -1.4258729928401619e+00
1.8539999999968320e+00 -4.0253929987027271e+02 -1.4161499860855182e+00
1.8559999999968229e+00 -4.0239026505428728e+02 -1.4060841993058160e+00
1.8579999999968138e+00 -4.0207039246708632e+02 -1.3959068585552075e+00
1.8599999999968047e+00 -4.0185762083228957e+02 -1.3848158397672039e+00
1.8619999999967956e+00 -4.0113991808225546e+02 -1.3781232514675767e+00
1.8639999999967864e+00 -4.0076328097713389e+02 -1.3707647353588803e+00
1.8659999999967773e+00 -3.9997127914961163e+02 -1.3642173043674606e+00
1.8679999999967682e+00 -3.9904456212889625e+02 -1.3593251577818166e+00
1.8699999999967591e+00 -3.9840321161664383e+02 -1.3534676013437548e+00
1.8719999999967500e+00 -3.9785335760575731e+02 -1.3477135290733351e+00
1.8739999999967409e+00 -3.9713559824507649e+02 -1.3421608938425695e+00
1.8759999999967318e+00 -3.9644289995090895e+02 -1.3362922846772352e+00
1.8779999999967227e+00 -3.9580040522395467e+02 -1.3313295608463096e+00
1.8799999999967136e+00 -3.9517475253957667e+02 -1.3266766942318506e+00
1.8819999999967045e+00 -3.9464359418198842e+02 -1.3224710225352794e+00
1.8839999999966954e+00 -3.9263839913739270e+02 -1.3196757617173405e+00
1.8859999999966863e+00 -3.9166955311127106e+02 -1.3152364302064445e+00
1.8879999999966772e+00 -3.9149641968385356e+02 -1.3110493617634422e+00
1.8899999999966681e+00 -3.9074333787028087e+02 -1.3105907245218771e+00
1.8919999999966590e+00 -3.8963298269319847e+02 -1.3119159621502865e+00
1.8939999999966499e+00 -3.8910602836145659e+02 -1.3116907801885547e+00
1.8959999999966408e+00 -3.8875542630190284e+02 -1.3109456249546076e+00
1.8979999999966317e+00 -3.8835863896507573e+02 -1.3112877307222883e+00
1.8999999999966226e+00 -3.8761080614345775e+02 -1.3123493843208234e+00
1.9019999999966135e+00 -3.8757465549170502e+02 -1.3125093673255448e+00
1.9039999999966044e+00 -3.8774915095178835e+02 -1.3115867133352253e+00
1.9059999999965953e+00 -3.8632685368481458e+02 -1.3107079650780780e+00
1.9079999999965862e+00 -3.8579050942389028e+02 -1.3095271234013846e+00
1.9099999999965771e+00 -3.8561851898480745e+02 -1.3075247767610414e+00
1.9119999999965680e+00 -3.8594442701123000e+02 -1.3042730632838935e+00
1.9139999999965589e+00 -3.8545616019157097e+02 -1.3025339001615210e+00
1.9159999999965498e+00 -3.8537460748741807e+02 -1.2992132657695821e+00
1.9179999999965407e+00 -3.8489714583244205e+02 -1.2962837752907139e+00
1.9199999999965316e+00 -3.8445841777689571e+02 -1.2926263628985748e+00
1.9219999999965225e+00 -3.8409609138444955e+02 -1.2886438520624579e+00
1.9239999999965134e+00 -3.8353393251013432e+02 -1.2850789995046248e+00
1.9259999999965043e+00 -3.8304220829817581e+02 -1.2808941268224421e+00
1.9279999999964952e+00 -3.8237911291029309e+02 -1.2771667180411563e+00
1.9299999999964861e+00 -3.8184777334027802e+02 -1.2733145440999385e+00
1.9319999999964770e+00 -3.8148137910640850e+02 -1.2682936314845463e+00
1.9339999999964679e+00 -3.8109576112523229e+02 -1.2632879781771138e+00
1.9359999999964588e+00 -3.8063603065765096e+02 -1.2577490119702210e+00
1.9379999999964497e+00 -3.8016249848039394e+02 -1.2529596831908207e+00
1.9399999999964406e+00 -3.7976600481866183e+02 -1.2479850634458902e+00
1.9419999999964315e+00 -3.7936309595556622e+02 -1.2427866468266739e+00
1.9439999999964224e+00 -3.7888966875436483e+02 -1.2378094378548008e+00
1.9459999999964133e+00 -3.7843661860719027e+02 -1.2327443456457867e+00
1.9479999999964042e+00 -3.7796911708485635e+02 -1.2278765802148810e+00
1.9499999999963951e+00 -3.7749774545023433e+02 -1.2229883668747246e+00
1.9519999999963860e+00 -3.7704087270128974e+02 -1.2180746906464686e+00
1.9539999999963769e+00 -3.7653034224040329e+02 -1.2133325389000356e+00
1.9559999999963678e+00 -3.7605494382624124e+02 -1.2085681477538828e+00
1.9579999999963587e+00 -3.7556125018207979e+02 -1.2037959535124929e+00
1.9599999999963496e+00 -3.7507028830457199e+02 -1.1989912519208470e+00
1.9619999999963404e+00 -3.7456350617312825e+02 -1.1942776259723862e+00
1.9639999999963313e+00 -3.7404917119038288e+02 -1.1896721906532028e+00
1.9659999999963222e+00 -3.7355905755637576e+02 -1.1850213625491337e+00
1.9679999999963131e+00 -3.7303786510441296e+02 -1.1805164020761996e+00
1.9699999999963040e+00 -3.7255629795728890e+02 -1.1759559601144507e+00
1.9719999999962949e+00 -3.7206020419627055e+02 -1.1714666863466707e+00
1.9739999999962858e+00 -3.7154560694906382e+02 -1.1669964857058925e+00
1.9759999999962767e+00 -3.7103158456848905e+02 -1.1626135257731991e+00
1.9779999999962676e+00 -3.7050728091206634e+02 -1.1583221311743064e+00
1.9799999999962585e+00 -3.7002704207995362e+02 -1.1540271275334157e+00
1.9819999999962494e+00 -3.6952814660031737e+02 -1.1498137008697589e+00
1.9839999999962403e+00 -3.6905780657626309e+02 -1.1454958039424774e+00
1.9859999999962312e+00 -3.6854551836402987e+02 -1.1411939828886772e+00
1.9879999999962221e+00 -3.6804818992280934e+02 -1.1369245845151172e+00
1.9899999999962130e+00 -3.6739171224652972e+02 -1.1326961776056115e+00
1.9919999999962039e+00 -3.6681087593383876e+02 -1.1288378171618560e+00
1.9939999999961948e+00 -3.6627331880979006e+02 -1.1249040417402381e+00
1.9959999999961857e+00 -3.6575979521333068e+02 -1.1209513451511037e+00
1.9979999999961766e+00 -3.6526236618601871e+02 -1.1170299457989734e+00
1.9999999999961675e+00 -3.6477611771799991e+02 -1.1130701614318843e+00
2.0019999999961806e+00 -3.6431364970211524e+02 -1.1092226799895988e+00
2.0039999999961937e+00 -3.6389373243215289e+02 -1.1053941204884203e+00
2.0059999999962068e+00 -3.6345991254425081e+02 -1.1015627469060807e+00
2.0079999999962199e+00 -3.6305744144452973e+02 -1.0977072698112331e+00
2.0099999999962330e+00 -3.6263121706461573e+02 -1.0939416955458279e+00
2.0119999999962461e+00 -3.6222789130767097e+02 -1.0902832699636493e+00
2.0139999999962592e+00 -3.6185023542081291e+02 -1.0866189369847423e+00
2.0159999999962723e+00 -3.6147985362251814e+02 -1.0829324042126649e+00
2.0179999999962854e+00 -3.6112008323535002e+02 -1.0792669392850236e+00
2.0199999999962985e+00 -3.6077436012564061e+02 -1.0756567198634548e+00
2.0219999999963116e+00 -3.6042742392888010e+02 -1.0720586921056698e+00
2.0239999999963247e+00 -3.6009345275544109e+02 -1.0684780732025048e+00
2.0259999999963378e+00 -3.5976241693840717e+02 -1.0649422450976063e+00
2.0279999999963509e+00 -3.5944641641205243e+02 -1.0614109548993087e+00
2.0299999999963640e+00 -3.5913683155253221e+02 -1.0578923634602935e+00
2.0319999999963771e+00 -3.5882581264743959e+02 -1.0544018196613711e+00
2.0339999999963903e+00 -3.5856557140880227e+02 -1.0508622563359225e+00
2.0359999999964034e+00 -3.5826441084656585e+02 -1.0473657245919699e+00
2.0379999999964165e+00 -3.5798608023124075e+02 -1.0439081032066861e+00
2.0399999999964296e+00 -3.5768896699862836e+02 -1.0405024403250451e+00
2.0419999999964427e+00 -3.5741759173125888e+02 -1.0371078179699456e+00
2.0439999999964558e+00 -3.5715014068870875e+02 -1.0337214898718803e+00
2.0459999999964689e+00 -3.5687520049304186e+02 -1.0303878623128599e+00
2.0479999999964820e+00 -3.5662544987774527e+02 -1.0270223393151019e+00
2.0499999999964951e+00 -3.5634907673535457e+02 -1.0237339252529682e+00
2.0519999999965082e+00 -3.5602823293830500e+02 -1.0207024392088284e+00
2.0539999999965213e+00 -3.5571649291790982e+02 -1.0177888472730185e+00
2.0559999999965344e+00 -3.5541913760065131e+02 -1.0148309775100175e+00
2.0579999999965475e+00 -3.5515156985432861e+02 -1.0118145711043269e+00
2.0599999999965606e+00 -3.5488133888518706e+02 -1.0088784844523246e+00
2.0619999999965737e+00 -3.5463808542963073e+02 -1.0059232115187622e+00
2.0639999999965868e+00 -3.5436744600863580e+02 -1.0030261674360625e+00
2.0659999999965999e+00 -3.5411290175716636e+02 -1.0001469525750679e+00
2.0679999999966130e+00 -3.5384370769617630e+02 -9.9733162310560675e-01
2.0699999999966261e+00 -3.5359200146388605e+02 -9.9452084377872974e-01
2.0719999999966392e+00 -3.5333140177148255e+02 -9.9172962597029846e-01
2.0739999999966523e+00 -3.5307959686919361e+02 -9.8896538824781743e-01
2.0759999999966654e+00 -3.5282638862101680e+02 -9.8621131488530400e-01
2.0779999999966785e+00 -3.5257433301813091e+02 -9.8349757318431519e-01
2.0799999999966916e+00 -3.5232577103737952e+02 -9.8079297570657609e-01
2.0819999999967047e+00 -3.5207319395305120e+02 -9.7813133175957201e-01
2.0839999999967178e+00 -3.5183291255872217e+02 -9.7547664906117471e-01
2.0859999999967309e+00 -3.5158620991580210e+02 -9.7285297123893244e-01
2.0879999999967440e+00 -3.5135685100611471e+02 -9.7018621104574232e-01
2.0899999999967571e+00 -3.5111068764789832e+02 -9.6759231174023996e-01
2.0919999999967702e+00 -3.5088049815267641e+02 -9.6499519746134954e-01
2.0939999999967833e+00 -3.5064372474552243e+02 -9.6243038090363420e-01
2.0959999999967964e+00 -3.5041031175364549e+02 -9.5989455948263769e-01
2.0979999999968095e+00 -3.5018044127353267e+02 -9.5736903556858088e-01
2.0999999999968226e+00 -3.4995182483543306e+02 -9.5486816701713984e-01
2.1019999999968357e+00 -3.4972515506677155e+02 -9.5238484153021452e-01
2.1039999999968488e+00 -3.4950004156959557e+02 -9.4992107662460679e-01
2.1059999999968619e+00 -3.4927657905602990e+02 -9.4748718431685153e-01
2.1079999999968750e+00 -3.4905505613679662e+02 -9.4506592515351173e-01
2.1099999999968881e+00 -3.4883448746551926e+02 -9.4267199875818952e-01
2.1119999999969012e+00 -3.4861689134842584e+02 -9.4028679011991867e-01
2.1139999999969143e+00 -3.4840728639555761e+02 -9.3788124982444010e-01
2.1159999999969274e+00 -3.4820010203103976e+02 -9.3548523546180629e-01
2.1179999999969406e+00 -3.4799496948959154e+02 -9.3312574732998865e-01
2.1199999999969537e+00 -3.4778682646338899e+02 -9.3078112980794014e-01
2.1219999999969668e+00 -3.4759030731283912e+02 -9.2844868296972982e-01
2.1239999999969799e+00 -3.4738911194075541e+02 -9.2617589660594335e-01
2.1259999999969930e+00 -3.4719483393564946e+02 -9.2389482390775668e-01
2.1279999999970061e+00 -3.4699603600938184e+02 -9.2163058703785472e-01
2.1299999999970192e+00 -3.4679943257851312e+02 -9.1938133649687448e-01
2.1319999999970323e+00 -3.4660911233387770e+02 -9.1720411474866892e-01
2.1339999999970454e+00 -3.4638845483464002e+02 -9.1536352063670567e-01
2.1359999999970585e+00 -3.4619446971143850e+02 -9.1398685259661727e-01
2.1379999999970716e+00 -3.4603504872562269e+02 -9.1248172516157522e-01
2.1399999999970847e+00 -3.4588141375974072e+02 -9.1090771669507098e-01
2.1419999999970978e+00 -3.4570291100821669e+02 -9.0942717664316064e-01
2.1439999999971109e+00 -3.4553756418299639e+02 -9.0788347477575038e-01
2.1459999999971240e+00 -3.4536120767543230e+02 -9.0645856596560082e-01
2.1479999999971371e+00 -3.4519547235357464e+02 -9.0499156179809082e-01
2.1499999999971502e+00 -3.4503204674193620e+02 -9.0355114778952883e-01
2.1519999999971633e+00 -3.4486600919943930e+02 -9.0214844661884963e-01
2.1539999999971764e+00 -3.4471292403076478e+02 -9.0073460470638333e-01
2.1559999999971895e+00 -3.4455090778159041e+02 -8.9937241425936665e-01
2.1579999999972026e+00 -3.4440598107315810e+02 -8.9799607882916688e-01
2.1599999999972157e+00 -3.4425402170114876e+02 -8.9666130947136702e-01
2.1619999999972288e+00 -3.4411472694067720e+02 -8.9532816666754911e-01
2.1639999999972419e+00 -3.4397491069561880e+02 -8.9401642247296997e-01
2.1659999999972550e+00 -3.4383998653785693e+02 -8.9272329689529584e-01
2.1679999999972681e+00 -3.4371189826581093e+02 -8.9143677228614682e-01
2.1699999999972812e+00 -3.4358253397142659e+02 -8.9017986033251151e-01
2.1719999999972943e+00 -3.4346388431081346e+02 -8.8892216192521623e-01
2.1739999999973074e+00 -3.4334199687627574e+02 -8.8769495642513785e-01
2.1759999999973205e+00 -3.4322997809651025e+02 -8.8647135662594112e-01
2.1779999999973336e+00 -3.4311730822226934e+02 -8.8526962723713221e-01
2.1799999999973467e+00 -3.4301016556943796e+02 -8.8408063207255216e-01
2.1819999999973598e+00 -3.4290671336160705e+02 -8.8290480644879210e-01
2.1839999999973729e+00 -3.4279691248549159e+02 -8.8177493272787000e-01
2.1859999999973860e+00 -3.4270358557767651e+02 -8.8061076089750945e-01
2.1879999999973991e+00 -3.4259311707782177e+02 -8.7952968551505151e-01
2.1899999999974122e+00 -3.4249825774537089e+02 -8.7846281395051784e-01
2.1919999999974253e+00 -3.4239665767660529e+02 -8.7741496560158094e-01
2.1939999999974384e+00 -3.4231168718213092e+02 -8.7635963410203954e-01
2.1959999999974515e+00 -3.4222063481389415e+02 -8.7533411358074709e-01
2.1979999999974646e+00 -3.4213914536450392e+02 -8.7431243174875251e-01
2.1999999999974778e+00 -3.4205519411992532e+02 -8.7330597931072618e-01
2.2019999999974909e+00 -3.4197721706391894e+02 -8.7230707860969670e-01
2.2039999999975040e+00 -3.4190305393614085e+02 -8.7131647721058214e-01
2.2059999999975171e+00 -3.4182940593440378e+02 -8.7034772169315355e-01
2.2079999999975302e+00 -3.4176245734391301e+02 -8.6938263695991636e-01
2.2099999999975433e+00 -3.4169310614797331e+02 -8.6843846493960664e-01
2.2119999999975564e+00 -3.4163058612449890e+02 -8.6750387078446534e-01
2.2139999999975695e+00 -3.4156581783117457e+02 -8.6658635817187291e-01
2.2159999999975826e+00 -3.4150494294010412e+02 -8.6568282545844943e-01
2.2179999999975957e+00 -3.4144613133545897e+02 -8.6478711887607773e-01
2.2199999999976088e+00 -3.4140017243834490e+02 -8.6389072127314537e-01
2.2219999999976219e+00 -3.4134471678645298e+02 -8.6302620878312386e-01
2.2239999999976350e+00 -3.4129601096840008e+02 -8.6217067234055778e-01
2.2259999999976481e+00 -3.4123751895345799e+02 -8.6135305875559065e-01
2.2279999999976612e+00 -3.4120445505229213e+02 -8.6046942647267022e-01
2.2299999999976743e+00 -3.4114367389771098e+02 -8.5964112036917972e-01
2.2319999999976874e+00 -3.4110702064690463e+02 -8.5880880744121446e-01
2.2339999999977005e+00 -3.4105456081844278e+02 -8.5803341936657163e-01
2.2359999999977136e+00 -3.4101348618781918e+02 -8.5726873992306385e-01
2.2379999999977267e+00 -3.4096655022099617e+02 -8.5652040782238326e-01
2.2399999999977398e+00 -3.4092536941604982e+02 -8.5579985241445367e-01
2.2419999999977529e+00 -3.4088504255472407e+02 -8.5508699981619574e-01
2.2439999999977660e+00 -3.4084659789025812e+02 -8.5439688764322819e-01
2.2459999999977791e+00 -3.4081241773200605e+02 -8.5370919592846606e-01
2.2479999999977922e+00 -3.4077625195185584e+02 -8.5304969103306516e-01
2.2499999999978053e+00 -3.4074628530411979e+02 -8.5239135268698496e-01
2.2519999999978184e+00 -3.4071322668304401e+02 -8.5176077279572504e-01
2.2539999999978315e+00 -3.4068908800607426e+02 -8.5111779757094153e-01
2.2559999999978446e+00 -3.4066163773290941e+02 -8.5050652020100581e-01
2.2579999999978577e+00 -3.4063937047975287e+02 -8.4989195090340808e-01
2.2599999999978708e+00 -3.4061800149820414e+02 -8.4929390144991812e-01
2.2619999999978839e+00 -3.4059790218875554e+02 -8.4870529252489757e-01
2.2639999999978970e+00 -3.4058128878895786e+02 -8.4812068456120393e-01
2.2659999999979101e+00 -3.4056396948598905e+02 -8.4755331822998603e-01
2.2679999999979232e+00 -3.4056439167450662e+02 -8.4695398929416676e-01
2.2699999999979363e+00 -3.4056568065604222e+02 -8.4633999058328835e-01
2.2719999999979494e+00 -3.4056730971247833e+02 -8.4572333988515103e-01
2.2739999999979625e+00 -3.4057722395219366e+02 -8.4512833920245456e-01
2.2759999999979756e+00 -3.4057593109214093e+02 -8.4455475460143536e-01
2.2779999999979887e+00 -3.4058527190431977e+02 -8.4399595172003061e-01
2.2799999999980018e+00 -3.4058578728096410e+02 -8.4345467708538679e-01
2.2819999999980149e+00 -3.4059621997032218e+02 -8.4292555288392590e-01
2.2839999999980281e+00 -3.4059999559056916e+02 -8.4240965052354122e-01
2.2859999999980412e+00 -3.4061362376471129e+02 -8.4188492607298937e-01
2.2879999999980543e+00 -3.4061922843173579e+02 -8.4138798796862679e-01
2.2899999999980674e+00 -3.4063098520922324e+02 -8.4088932043277032e-01
2.2919999999980805e+00 -3.4063913952042219e+02 -8.4041271531881401e-01
2.2939999999980936e+00 -3.4065014594808400e+02 -8.3993651792822921e-01
2.2959999999981067e+00 -3.4066750064637642e+02 -8.3946405966693372e-01
2.2979999999981198e+00 -3.4067398274897408e+02 -8.3898649394126235e-01
2.2999999999981329e+00 -3.4069641789831303e+02 -8.3851750307912876e-01
2.3019999999981460e+00 -3.4070971495013146e+02 -8.3806066534044132e-01
2.3039999999981591e+00 -3.4071888720394674e+02 -8.3764629790031808e-01
2.3059999999981722e+00 -3.4073970006393961e+02 -8.3723426504231657e-01
2.3079999999981853e+00 -3.4074870526403521e+02 -8.3684433200168695e-01
2.3099999999981984e+00 -3.4076705985724260e+02 -8.3644841310956897e-01
2.3119999999982115e+00 -3.4077981820245822e+02 -8.3607552167043264e-01
2.3139999999982246e+00 -3.4079718064426987e+02 -8.3571386410864235e-01
2.3159999999982377e+00 -3.4081292640776996e+02 -8.3535031063839615e-01
2.3179999999982508e+00 -3.4082904830338919e+02 -8.3500618899300738e-01
2.3199999999982639e+00 -3.4084337947752203e+02 -8.3466998077102761e-01
2.3219999999982770e+00 -3.4085690781482731e+02 -8.3432208003771136e-01
2.3239999999982901e+00 -3.4087012298326772e+02 -8.3407350565345695e-01
2.3259999999983032e+00 -3.4090426891809580e+02 -8.3376943476893073e-01
2.3279999999983163e+00 -3.4094201538759540e+02 -8.3338448872662374e-01
2.3299999999983294e+00 -3.4095863005311156e+02 -8.3300547764545241e-01
2.3319999999983425e+00 -3.4097651949374102e+02 -8.3273514818387073e-01
2.3339999999983556e+00 -3.4099801900883978e+02 -8.3244857097122127e-01
2.3359999999983687e+00 -3.4101772836395924e+02 -8.3219259789970712e-01
2.3379999999983818e+00 -3.4104997821257888e+02 -8.3187175811126657e-01
2.3399999999983949e+00 -3.4107011559531350e+02 -8.3162261415716821e-01
2.3419999999984080e+00 -3.4108960134685367e+02 -8.3138864717862981e-01
2.3439999999984211e+00 -3.4111792400978908e+02 -8.3116138914978632e-01
2.3459999999984342e+00 -3.4113334812723946e+02 -8.3098903319044970e-01
2.3479999999984473e+00 -3.4115211390963032e+02 -8.3078855562105081e-01
2.3499999999984604e+00 -3.4116116905054650e+02 -8.3060232502832965e-01
2.3519999999984735e+00 -3.4117404642271896e+02 -8.3039596722984566e-01
2.3539999999984866e+00 -3.4118547218687928e+02 -8.3022584651191500e-01
2.3559999999984997e+00 -3.4119633983718904e+02 -8.3007415375259430e-01
2.3579999999985128e+00 -3.4121313575075686e+02 -8.2990779511443058e-01
2.3599999999985259e+00 -3.4122617032324814e+02 -8.2975860267233703e-01
2.3619999999985390e+00 -3.4124481938105333e+02 -8.2960479366458983e-01
2.3639999999985521e+00 -3.4125778677121315e+02 -8.2947651379741438e-01
2.3659999999985653e+00 -3.4127606694688592e+02 -8.2934400244386408e-01
2.3679999999985784e+00 -3.4129091245328368e+02 -8.2923112832483947e-01
2.3699999999985915e+00 -3.4130912502346632e+02 -8.2911741213177215e-01
2.3719999999986046e+00 -3.4132663729544203e+02 -8.2901802097998645e-01
2.3739999999986177e+00 -3.4134428067833477e+02 -8.2892527884725520e-01
2.3759999999986308e+00 -3.4136391737057613e+02 -8.2884001053480516e-01
2.3779999999986439e+00 -3.4138175712843423e+02 -8.2876663062578726e-01
2.3799999999986570e+00 -3.4140278497174307e+02 -8.2869625933125013e-01
2.3819999999986701e+00 -3.4142130462284194e+02 -8.2864136892068507e-01
2.3839999999986832e+00 -3.4144293194148690e+02 -8.2858754239553067e-01
2.3859999999986963e+00 -3.4146261244680090e+02 -8.2854955381014306e-01
2.3879999999987094e+00 -3.4148445792037217e+02 -8.2851371898731885e-01
2.3899999999987225e+00 -3.4150550853828560e+02 -8.2849094635024556e-01
2.3919999999987356e+00 -3.4152730446295539e+02 -8.2847406757048991e-01
2.3939999999987487e+00 -3.4154964081832514e+02 -8.2846597369440789e-01
2.3959999999987618e+00 -3.4157146700059235e+02 -8.2846804865051205e-01
2.3979999999987749e+00 -3.4159475514591628e+02 -8.2847511636034377e-01
2.3999999999987880e+00 -3.4161690473029785e+02 -8.2849499465050269e-01
2.4019999999988011e+00 -3.4164071658965401e+02 -8.2851846336550383e-01
2.4039999999988142e+00 -3.4166345274298982e+02 -8.2855488005989464e-01
2.4059999999988273e+00 -3.4168744437951864e+02 -8.2859576381498024e-01
2.4079999999988404e+00 -3.4171095179340796e+02 -8.2864776525353889e-01
2.4099999999988535e+00 -3.4173494146222993e+02 -8.2870658517494411e-01
2.4119999999988666e+00 -3.4175918572379459e+02 -8.2877389464011908e-01
2.4139999999988797e+00 -3.4178317937616015e+02 -8.2885055636068627e-01
2.4159999999988928e+00 -3.4180799017981218e+02 -8.2893353034012951e-01
2.4179999999989059e+00 -3.4183212553734285e+02 -8.2902737211668331e-01
2.4199999999989190e+00 -3.4185724953738685e+02 -8.2912671010128369e-01
2.4219999999989321e+00 -3.4188170847851848e+02 -8.2923697840377641e-01
2.4239999999989452e+00 -3.4190692030869673e+02 -8.2935329344057607e-01
2.4259999999989583e+00 -3.4193177886206274e+02 -8.2947949179331604e-01
2.4279999999989714e+00 -3.4195694724994632e+02 -8.2961318989807087e-01
2.4299999999989845e+00 -3.4198223019025261e+02 -8.2975525483069079e-01
2.4319999999989976e+00 -3.4200737544216923e+02 -8.2990610948992305e-01
2.4339999999990107e+00 -3.4203297118347848e+02 -8.3006406182311943e-01
2.4359999999990238e+00 -3.4205812751712557e+02 -8.3023183281929180e-01
2.4379999999990369e+00 -3.4208387243370561e+02 -8.3040649888220952e-01
2.4399999999990500e+00 -3.4210916134048330e+02 -8.3059085269102628e-01
2.4419999999990631e+00 -3.4213502687904349e+02 -8.3078185646898883e-01
2.4439999999990762e+00 -3.4216039138534660e+02 -8.3098256937101989e-01
2.4459999999990893e+00 -3.4218617756202030e+02 -8.3119110018497266e-01
2.4479999999991024e+00 -3.4221181812650474e+02 -8.3140786528282740e-01
2.4499999999991156e+00 -3.4223742164852172e+02 -8.3163337026547524e-01
2.4519999999991287e+00 -3.4226326447800653e+02 -8.3186650308652288e-01
2.4539999999991418e+00 -3.4228879529861530e+02 -8.3210897688019825e-01
2.4559999999991549e+00 -3.4231465067600931e+02 -8.3235886230625888e-01
2.4579999999991680e+00 -3.4234031709773296e+02 -8.3261772496280062e-01
2.4599999999991811e+00 -3.4236617216953471e+02 -8.3288427296352974e-01
2.4619999999991942e+00 -3.4239193175399708e+02 -8.3315950263814198e-01
2.4639999999992073e+00 -3.4241771412547689e+02 -8.3344280159071449e-01
2.4659999999992204e+00 -3.4244341214935264e+02 -8.3373477032677168e-01
2.4679999999992335e+00 -3.4246911587942009e+02 -8.3403534268867596e-01
2.4699999999992466e+00 -3.4249492762873018e+02 -8.3434403198943397e-01
2.4719999999992597e+00 -3.4252056394375921e+02 -8.3466139898027680e-01
2.4739999999992728e+00 -3.4254632993629843e+02 -8.3498700902690559e-01
2.4759999999992859e+00 -3.4257145861802115e+02 -8.3532228968932443e-01
2.4779999999992990e+00 -3.4259499848489304e+02 -8.3566809333191916e-01
2.4799999999993121e+00 -3.4262085816475144e+02 -8.3603676998013532e-01
2.4819999999993252e+00 -3.4264910230490159e+02 -8.3637712598219049e-01
2.4839999999993383e+00 -3.4267808781445200e+02 -8.3673739989742890e-01
2.4859999999993514e+00 -3.4270592445735792e+02 -8.3709359801382111e-01
2.4879999999993645e+00 -3.4273122317938152e+02 -8.3747479916077128e-01
2.4899999999993776e+00 -3.4275620107868349e+02 -8.3787032803266692e-01
2.4919999999993907e+00 -3.4278427727127740e+02 -8.3826383210834843e-01
2.4939999999994038e+00 -3.4281051237607568e+02 -8.3867009148123273e-01
2.4959999999994169e+00 -3.4283937266301211e+02 -8.3907229649207693e-01
2.4979999999994300e+00 -3.4286443345538481e+02 -8.3949369169787647e-01
2.4999999999994431e+00 -3.4289067395348945e+02 -8.3991896849834513e-01
