#temps  Wn_tot  -Wt_tot  Wp_tot  Wint_tot  KEr_tot  
0 0 0 1.03935e-06 8.61992e-06 4.8582e-06
0.002 0.000251416 5.34836e-05 0.00144763 0.000751946 0.00115628
0.004 0.000385964 0.000165402 0.00636497 0.00331976 0.00324148
0.006 0.000490136 0.000348751 0.0123745 0.00620741 0.0059776
0.008 0.000575007 0.000564124 0.0210743 0.00956953 0.0105296
0.01 0.000690702 0.000895784 0.0318116 0.0158284 0.0138802
0.012 0.000771836 0.00127455 0.0436699 0.0211812 0.0189553
0.014 0.000879717 0.00172393 0.0580789 0.0282281 0.0244438
0.016 0.000941416 0.00231093 0.0735482 0.0372721 0.0286224
0.018 0.000992057 0.00291163 0.0905045 0.0450834 0.035197
0.02 0.00109096 0.00363645 0.109404 0.0556522 0.0404598
0.022 0.00114065 0.00446793 0.129058 0.0667141 0.0456098
0.024 0.00119231 0.00532109 0.150321 0.0773576 0.0524465
0.026 0.00125446 0.0063315 0.172868 0.0907809 0.0572905
0.028 0.00129018 0.0073997 0.196181 0.103625 0.0631614
0.03 0.00135131 0.00852767 0.22094 0.117167 0.0693995
0.032 0.00138601 0.00980719 0.246532 0.132659 0.0740756
0.034 0.00141019 0.0111161 0.272953 0.147382 0.0800701
0.036 0.00146574 0.0125221 0.300496 0.163465 0.0854282
0.038 0.00148451 0.0140453 0.328648 0.180494 0.0900741
0.04 0.00150379 0.0155992 0.357607 0.197163 0.0956153
0.042 0.00154138 0.0172684 0.387361 0.215226 0.100174
0.044 0.0015503 0.019015 0.417622 0.233534 0.104692
0.046 0.00157326 0.0208131 0.448577 0.252022 0.109446
0.048 0.00159485 0.0227187 0.480072 0.271524 0.113386
0.05 0.001603 0.024685 0.512006 0.291051 0.117471
0.052 0.00162808 0.0267245 0.544451 0.311099 0.121263
0.054 0.00164553 0.0288419 0.577247 0.331605 0.124689
0.056 0.0016601 0.0309898 0.610438 0.352076 0.128352
0.058 0.00167985 0.0332219 0.644027 0.373128 0.131576
0.06 0.00169092 0.0355138 0.677875 0.394509 0.134496
0.062 0.00170391 0.0378439 0.712008 0.415899 0.137513
0.064 0.00171997 0.040239 0.746419 0.437674 0.140205
0.066 0.00172946 0.0426837 0.781022 0.459675 0.142675
0.068 0.00173998 0.0451645 0.815832 0.481666 0.145198
0.07 0.00175364 0.0476917 0.85085 0.503925 0.147483
0.072 0.00176223 0.0502671 0.886007 0.526395 0.149532
0.074 0.0017705 0.0528721 0.921302 0.548853 0.151594
0.076 0.00178177 0.0555152 0.95674 0.571483 0.153483
0.078 0.0017886 0.0581951 0.99227 0.594251 0.155189
0.08 0.0017949 0.0608999 1.02789 0.617002 0.156888
0.082 0.0018024 0.0636325 1.06361 0.63986 0.158461
0.084 0.00180668 0.0663945 1.09938 0.662803 0.159904
0.086 0.00181049 0.0691754 1.1352 0.685731 0.161316
0.088 0.001815 0.0719789 1.17108 0.708727 0.162651
0.09 0.0018179 0.0748039 1.20699 0.73176 0.163913
0.092 0.00182126 0.077645 1.24291 0.754795 0.165132
0.094 0.00182755 0.0805097 1.27885 0.777913 0.166276
0.096 0.00183747 0.0833916 1.31476 0.801066 0.1674
0.098 0.00185002 0.0862926 1.35064 0.824223 0.168493
0.1 0.00186437 0.0892142 1.38648 0.847413 0.169576
0.102 0.0018816 0.0921535 1.42226 0.870598 0.170638
0.104 0.00189862 0.0951112 1.45798 0.893773 0.171669
0.106 0.00191597 0.0980863 1.49362 0.91693 0.172668
0.108 0.00193353 0.101078 1.52917 0.940064 0.173643
0.11 0.00195115 0.104083 1.56461 0.963139 0.174582
0.112 0.00196899 0.107105 1.59995 0.986181 0.175489
0.114 0.00198747 0.110142 1.63516 1.00917 0.176362
0.116 0.00200565 0.113192 1.67024 1.03208 0.177201
0.118 0.0020242 0.116261 1.70517 1.05498 0.178072
0.12 0.00204083 0.119342 1.73993 1.07778 0.178931
0.122 0.00205399 0.122439 1.77451 1.1005 0.179729
0.124 0.00206514 0.125549 1.80892 1.12312 0.180484
0.126 0.00207554 0.128678 1.84311 1.14568 0.181304
0.128 0.00208504 0.131816 1.8771 1.16807 0.182093
0.13 0.00209535 0.134978 1.91088 1.19037 0.183014
0.132 0.00211036 0.13814 1.94442 1.2125 0.183999
0.134 0.00212858 0.141304 1.97776 1.23439 0.18484
0.136 0.0021455 0.144502 2.01088 1.25631 0.185869
0.138 0.00215922 0.14769 2.04376 1.27798 0.186827
0.14 0.00217343 0.150881 2.07643 1.29943 0.187727
0.142 0.00218584 0.154076 2.10889 1.3208 0.188681
0.144 0.00219575 0.157277 2.14112 1.342 0.189626
0.146 0.00220684 0.160465 2.17315 1.363 0.190529
0.148 0.00221737 0.163653 2.20498 1.38387 0.191461
0.15 0.00223024 0.166836 2.2366 1.40459 0.192389
0.152 0.00224347 0.170002 2.26803 1.42509 0.193257
0.154 0.00225751 0.173161 2.29928 1.44546 0.194116
0.156 0.00227378 0.176308 2.33034 1.4657 0.194985
0.158 0.0022897 0.179437 2.36122 1.48574 0.195774
0.16 0.00230755 0.182552 2.39193 1.50565 0.19655
0.162 0.00232506 0.185651 2.42246 1.52541 0.197297
0.164 0.00235425 0.188745 2.45281 1.54507 0.198093
0.166 0.00239716 0.191818 2.48297 1.5646 0.198967
0.168 0.00241813 0.194859 2.51296 1.58386 0.199699
0.17 0.00243225 0.197902 2.5428 1.60315 0.200592
0.172 0.00244652 0.200937 2.57244 1.62231 0.201546
0.174 0.00245779 0.203959 2.60189 1.64132 0.202511
0.176 0.00246784 0.206977 2.63116 1.66026 0.203517
0.178 0.00247774 0.209989 2.66024 1.67907 0.204504
0.18 0.00248787 0.212995 2.68912 1.69777 0.205477
0.182 0.00249796 0.215994 2.7178 1.71635 0.206436
0.184 0.00250813 0.218987 2.74628 1.7348 0.207369
0.186 0.00251784 0.221975 2.77456 1.75313 0.208289
0.188 0.0025271 0.224961 2.80264 1.77135 0.209224
0.19 0.00253658 0.227941 2.83051 1.78943 0.210173
0.192 0.00254624 0.23092 2.85817 1.8074 0.211154
0.194 0.00255545 0.233898 2.88561 1.82523 0.212157
0.196 0.00256456 0.236874 2.91284 1.84293 0.213184
0.198 0.00257452 0.239853 2.93985 1.86051 0.214266
0.2 0.00258585 0.242828 2.96663 1.87791 0.215371
0.202 0.00260043 0.245791 2.99319 1.89515 0.216459
0.204 0.00261035 0.248747 3.01955 1.91224 0.217537
0.206 0.0026215 0.251717 3.04568 1.92926 0.218693
0.208 0.00263561 0.254677 3.07158 1.94609 0.219823
0.21 0.00264604 0.257623 3.09728 1.96274 0.220918
0.212 0.00265799 0.260545 3.12277 1.9792 0.221963
0.214 0.00266927 0.263467 3.14807 1.99555 0.22302
0.216 0.0026802 0.26638 3.17317 2.01178 0.2241
0.218 0.00269027 0.269275 3.19807 2.02783 0.225123
0.22 0.00269998 0.272155 3.22279 2.04375 0.226135
0.222 0.002708 0.27502 3.24732 2.05953 0.227133
0.224 0.00271576 0.27787 3.27167 2.07517 0.228116
0.226 0.00272393 0.2807 3.29585 2.09067 0.229057
0.228 0.00273043 0.28351 3.31987 2.10604 0.229971
0.23 0.00273714 0.286304 3.34373 2.1213 0.230869
0.232 0.00274439 0.289081 3.36743 2.13643 0.231748
0.234 0.00275048 0.291838 3.39098 2.15145 0.232603
0.236 0.00275607 0.294575 3.41439 2.16635 0.233435
0.238 0.00276119 0.297296 3.43765 2.18114 0.234255
0.24 0.00276609 0.299999 3.46076 2.19583 0.235062
0.242 0.00277032 0.302686 3.48374 2.21042 0.235865
0.244 0.00277435 0.305358 3.50657 2.22492 0.236673
0.246 0.00277886 0.308014 3.52927 2.23932 0.237476
0.248 0.00278374 0.310656 3.55182 2.25362 0.238302
0.25 0.00280366 0.31329 3.57421 2.26787 0.239174
0.252 0.00284409 0.315911 3.59642 2.28203 0.240074
0.254 0.00287615 0.318516 3.61848 2.29603 0.240928
0.256 0.00290316 0.321117 3.64038 2.30998 0.241842
0.258 0.00292668 0.323708 3.66211 2.32381 0.242746
0.26 0.00294806 0.326293 3.68367 2.33756 0.243691
0.262 0.00296789 0.32887 3.70505 2.35118 0.244626
0.264 0.0029861 0.331443 3.72627 2.36471 0.245604
0.266 0.00300292 0.334014 3.7473 2.37813 0.246598
0.268 0.00301848 0.336583 3.76815 2.39145 0.247631
0.27 0.00303248 0.339143 3.78881 2.40462 0.248649
0.272 0.00304726 0.341692 3.8093 2.41766 0.249658
0.274 0.00305876 0.344254 3.82961 2.43065 0.250732
0.276 0.00306936 0.346806 3.84973 2.44349 0.251797
0.278 0.00307922 0.349346 3.86967 2.45618 0.252827
0.28 0.00308873 0.351892 3.88945 2.4688 0.253903
0.282 0.00309919 0.354423 3.90904 2.48128 0.254941
0.284 0.00311009 0.356945 3.92848 2.49363 0.25594
0.286 0.00311778 0.359465 3.94775 2.50591 0.25697
0.288 0.00312489 0.361973 3.96685 2.51806 0.257962
0.29 0.00313154 0.36447 3.9858 2.53011 0.258941
0.292 0.00313911 0.366953 4.0046 2.54204 0.259888
0.294 0.00314662 0.369424 4.02326 2.55388 0.260818
0.296 0.00315376 0.371884 4.04177 2.56562 0.26174
0.298 0.00316099 0.374326 4.06014 2.57726 0.262635
0.3 0.00316845 0.376755 4.07838 2.58881 0.26352
0.302 0.00317576 0.379169 4.09649 2.60027 0.264394
0.304 0.00318255 0.381566 4.11446 2.61165 0.265244
0.306 0.00318934 0.383946 4.13232 2.62293 0.266077
0.308 0.00319642 0.386309 4.15005 2.63413 0.266891
0.31 0.003203 0.388654 4.16766 2.64526 0.267691
0.312 0.00320951 0.390981 4.18515 2.6563 0.268479
0.314 0.00321584 0.393291 4.20253 2.66727 0.269252
0.316 0.00322201 0.395582 4.2198 2.67815 0.27001
0.318 0.00322806 0.397856 4.23695 2.68896 0.270759
0.32 0.00323395 0.400112 4.25399 2.6997 0.271498
0.322 0.00323955 0.402351 4.27092 2.71036 0.272229
0.324 0.0032448 0.404573 4.28773 2.72095 0.272953
0.326 0.00325049 0.406778 4.30444 2.73147 0.273671
0.328 0.00325587 0.408968 4.32104 2.74192 0.274394
0.33 0.00326 0.411144 4.33751 2.75229 0.275118
0.332 0.00326481 0.413304 4.35388 2.76259 0.275841
0.334 0.00326979 0.415452 4.37012 2.77281 0.276574
0.336 0.00327443 0.417589 4.38625 2.78297 0.277319
0.338 0.00327962 0.419715 4.40224 2.79304 0.278075
0.34 0.00328558 0.42183 4.41812 2.80304 0.278843
0.342 0.00329134 0.423934 4.43386 2.81294 0.279616
0.344 0.00329789 0.42603 4.44946 2.82277 0.280403
0.346 0.00330383 0.428118 4.46493 2.83252 0.281201
0.348 0.00330836 0.430192 4.48028 2.84217 0.281984
0.35 0.00331129 0.432263 4.49548 2.85175 0.282797
0.352 0.00331593 0.434323 4.51054 2.86123 0.283602
0.354 0.0033208 0.436378 4.52547 2.87063 0.284422
0.356 0.00332776 0.438417 4.54026 2.87992 0.285209
0.358 0.00333355 0.440452 4.55493 2.88914 0.286012
0.36 0.00333751 0.44247 4.56946 2.89825 0.286779
0.362 0.00334247 0.444484 4.58388 2.90729 0.287557
0.364 0.00334963 0.446485 4.59817 2.91625 0.288324
0.366 0.00342146 0.448519 4.61229 2.92531 0.289467
0.368 0.00346603 0.450448 4.62622 2.93394 0.290319
0.37 0.00348724 0.452414 4.64012 2.94266 0.291073
0.372 0.00350669 0.454363 4.65384 2.95131 0.291846
0.374 0.00351512 0.456289 4.66749 2.95982 0.292505
0.376 0.00352379 0.458209 4.68101 2.96833 0.293239
0.378 0.00352993 0.460112 4.69443 2.97672 0.293897
0.38 0.00353646 0.462003 4.70774 2.98509 0.294591
0.382 0.00354271 0.463878 4.72095 2.99336 0.295232
0.384 0.00354719 0.465741 4.73406 3.00159 0.295885
0.386 0.00355272 0.467591 4.74707 3.00975 0.296518
0.388 0.00355783 0.469422 4.75998 3.01785 0.297128
0.39 0.00356277 0.471245 4.77281 3.0259 0.297739
0.392 0.00356907 0.47305 4.78554 3.03389 0.298335
0.394 0.00357528 0.474842 4.79818 3.04183 0.298912
0.396 0.00358207 0.476619 4.81073 3.04972 0.299487
0.398 0.00358982 0.478385 4.82319 3.05757 0.300054
0.4 0.00360015 0.480139 4.83556 3.06538 0.300635
0.402 0.00360912 0.481876 4.84784 3.07311 0.301181
0.404 0.00361688 0.483602 4.86003 3.08082 0.30174
0.406 0.00362589 0.485314 4.87213 3.08847 0.30228
0.408 0.00363319 0.487013 4.88415 3.09608 0.302818
0.41 0.00364042 0.4887 4.89608 3.10364 0.303351
0.412 0.00364637 0.490374 4.90792 3.11114 0.303873
0.414 0.00365308 0.492036 4.91967 3.1186 0.304397
0.416 0.00366034 0.493685 4.93134 3.126 0.304922
0.418 0.00367003 0.495325 4.94291 3.13336 0.305461
0.42 0.00367966 0.496953 4.95438 3.14066 0.305992
0.422 0.00368643 0.498573 4.96576 3.1479 0.306539
0.424 0.00369283 0.500176 4.97705 3.15508 0.30706
0.426 0.00369953 0.501771 4.98825 3.16219 0.307584
0.428 0.00370623 0.503356 4.99935 3.16926 0.308112
0.43 0.0037167 0.504932 5.01037 3.17626 0.308646
0.432 0.00372765 0.506501 5.02129 3.18321 0.309189
0.434 0.00373421 0.508073 5.03209 3.19011 0.309771
0.436 0.00373994 0.509622 5.0428 3.1969 0.310294
0.438 0.00374437 0.51117 5.05342 3.20365 0.310831
0.44 0.00374922 0.512707 5.06395 3.21033 0.311364
0.442 0.00375382 0.514237 5.07438 3.21695 0.311883
0.444 0.00375964 0.515757 5.08473 3.2235 0.3124
0.446 0.00376546 0.517269 5.09499 3.22998 0.312899
0.448 0.00377077 0.518772 5.10517 3.2364 0.313393
0.45 0.00377633 0.520265 5.11527 3.24276 0.313874
0.452 0.00378107 0.52175 5.12529 3.24905 0.314346
0.454 0.00378667 0.523225 5.13523 3.25529 0.314811
0.456 0.00379067 0.524689 5.1451 3.26146 0.315255
0.458 0.00379669 0.526147 5.1549 3.2676 0.31571
0.46 0.00380313 0.527593 5.16462 3.27368 0.316145
0.462 0.00380633 0.529029 5.17428 3.27972 0.316577
0.464 0.00380924 0.530454 5.18386 3.28571 0.316998
0.466 0.00381246 0.531868 5.19337 3.29166 0.317414
0.468 0.00381634 0.533271 5.20282 3.29758 0.317821
0.47 0.00382064 0.534662 5.2122 3.30346 0.318222
0.472 0.00382532 0.536043 5.22151 3.30931 0.318623
0.474 0.00383121 0.537412 5.23075 3.31513 0.319017
0.476 0.0038369 0.538774 5.23992 3.32093 0.319418
0.478 0.00384387 0.54012 5.24901 3.32668 0.319811
0.48 0.00384968 0.541456 5.25805 3.3324 0.320196
0.482 0.00385616 0.542778 5.26701 3.33808 0.320576
0.484 0.00386162 0.544092 5.27591 3.34374 0.320958
0.486 0.00386801 0.545392 5.28474 3.34936 0.321333
0.488 0.00387473 0.546682 5.2935 3.35496 0.321713
0.49 0.0038813 0.547961 5.3022 3.36052 0.322086
0.492 0.00388785 0.549229 5.31082 3.36604 0.322456
0.494 0.00389403 0.550486 5.31938 3.37153 0.322823
0.496 0.00390035 0.551732 5.32787 3.37698 0.323187
0.498 0.00390598 0.552968 5.33629 3.38239 0.323564
0.5 0.00391124 0.55419 5.34464 3.38775 0.323919
0.502 0.00391544 0.555402 5.35293 3.39308 0.324279
0.504 0.0039192 0.556605 5.36115 3.39836 0.324638
0.506 0.00392388 0.557797 5.3693 3.4036 0.324992
0.508 0.00392744 0.558978 5.37739 3.40879 0.325342
0.51 0.0039314 0.560151 5.38541 3.41395 0.3257
0.512 0.0039352 0.561314 5.39336 3.41906 0.326056
0.514 0.00394092 0.56247 5.40124 3.42413 0.326416
0.516 0.0039486 0.563606 5.40906 3.42914 0.326753
0.518 0.00395582 0.564743 5.41682 3.43415 0.327126
0.52 0.00396342 0.565866 5.42449 3.43912 0.327495
0.522 0.00397159 0.566977 5.43209 3.44403 0.327841
0.524 0.00397869 0.56808 5.43962 3.4489 0.328193
0.526 0.00398525 0.569173 5.44708 3.45373 0.328547
0.528 0.00399475 0.570256 5.45448 3.45851 0.328892
0.53 0.00400209 0.571335 5.4618 3.46326 0.329263
0.532 0.00401266 0.572401 5.46905 3.46795 0.329608
0.534 0.00402354 0.573464 5.47622 3.47262 0.329977
0.536 0.00403222 0.574522 5.48331 3.47724 0.33035
0.538 0.00403741 0.57557 5.49033 3.48181 0.330708
0.54 0.00404039 0.576611 5.49727 3.48632 0.331051
0.542 0.0040448 0.577645 5.50414 3.4908 0.331403
0.544 0.00405023 0.578672 5.51095 3.49522 0.331741
0.546 0.00405604 0.579692 5.51768 3.49961 0.33208
0.548 0.00406241 0.580704 5.52434 3.50396 0.332412
0.55 0.00406768 0.581708 5.53095 3.50825 0.33273
0.552 0.00407336 0.582706 5.53748 3.51252 0.333048
0.554 0.00407954 0.583695 5.54396 3.51674 0.333355
0.556 0.00408492 0.584676 5.55037 3.52092 0.333655
0.558 0.0040905 0.58565 5.55673 3.52507 0.33395
0.56 0.0040958 0.586616 5.56302 3.52918 0.334241
0.562 0.00410093 0.587574 5.56927 3.53325 0.334525
0.564 0.00410518 0.588525 5.57545 3.53728 0.334805
0.566 0.00410911 0.589468 5.58158 3.54128 0.335086
0.568 0.004115 0.590402 5.58766 3.54524 0.335358
0.57 0.00411957 0.591328 5.59368 3.54916 0.335618
0.572 0.00412323 0.592247 5.59966 3.55304 0.335879
0.574 0.00412753 0.593157 5.60558 3.55689 0.336131
0.576 0.00413185 0.594058 5.61147 3.56071 0.336374
0.578 0.00413631 0.594952 5.61731 3.56449 0.336622
0.58 0.00414157 0.595838 5.62309 3.56824 0.336862
0.582 0.00414587 0.596715 5.62884 3.57195 0.337092
0.584 0.00415219 0.597588 5.63455 3.57565 0.337337
0.586 0.0041591 0.598449 5.6402 3.57929 0.337557
0.588 0.00416564 0.599304 5.64582 3.58292 0.337787
0.59 0.00417097 0.60015 5.6514 3.58651 0.338009
0.592 0.00417429 0.600989 5.65693 3.59007 0.338224
0.594 0.00417768 0.601819 5.66243 3.59361 0.33844
0.596 0.00417964 0.602641 5.66788 3.59712 0.338646
0.598 0.00418122 0.603456 5.6733 3.60061 0.338854
0.6 0.00418304 0.604263 5.67867 3.60407 0.33906
0.602 0.00418691 0.605064 5.684 3.60752 0.339274
0.604 0.00419213 0.605857 5.68929 3.61095 0.339483
0.606 0.00419917 0.606645 5.69452 3.61437 0.339695
0.608 0.00420479 0.607424 5.69972 3.61775 0.339895
0.61 0.00420931 0.608201 5.70487 3.62113 0.340114
0.612 0.00421411 0.608966 5.70997 3.62446 0.340312
0.614 0.00421881 0.609727 5.71504 3.62777 0.34051
0.616 0.00422342 0.61048 5.72006 3.63107 0.340715
0.618 0.00422671 0.611227 5.72504 3.63433 0.34091
0.62 0.00423113 0.611968 5.72996 3.63758 0.341114
0.622 0.00423675 0.612701 5.73485 3.64079 0.341301
0.624 0.00424115 0.613429 5.73968 3.64397 0.341495
0.626 0.00424634 0.614152 5.74448 3.64713 0.341685
0.628 0.00425196 0.614868 5.74923 3.65026 0.341872
0.63 0.00425824 0.615579 5.75394 3.65337 0.342059
0.632 0.00426591 0.616285 5.7586 3.65646 0.342243
0.634 0.00427158 0.616987 5.76322 3.65952 0.342434
0.636 0.00427732 0.617682 5.76779 3.66254 0.342614
0.638 0.00428246 0.618371 5.77233 3.66553 0.342786
0.64 0.00428871 0.619056 5.77681 3.66851 0.342974
0.642 0.00429263 0.619732 5.78126 3.67144 0.343143
0.644 0.00429724 0.620405 5.78567 3.67436 0.343318
0.646 0.00430068 0.621071 5.79003 3.67724 0.343486
0.648 0.00430332 0.621729 5.79436 3.6801 0.343646
0.65 0.00430617 0.622383 5.79865 3.68293 0.343809
0.652 0.00430852 0.62303 5.80291 3.68572 0.343962
0.654 0.00431097 0.623672 5.80712 3.6885 0.344114
0.656 0.00431427 0.624308 5.8113 3.69124 0.344261
0.658 0.00431675 0.624939 5.81545 3.69396 0.344403
0.66 0.00431957 0.625565 5.81956 3.69665 0.344543
0.662 0.00432212 0.626185 5.82364 3.69932 0.34468
0.664 0.0043247 0.626801 5.82769 3.70196 0.344813
0.666 0.00432736 0.627412 5.8317 3.70457 0.344943
0.668 0.00432942 0.628017 5.83569 3.70716 0.345068
0.67 0.00433108 0.628618 5.83964 3.70973 0.345189
0.672 0.0043331 0.629215 5.84357 3.71227 0.345309
0.674 0.00433429 0.629808 5.84746 3.71479 0.345423
0.676 0.00433504 0.630398 5.85133 3.7173 0.345538
0.678 0.00433594 0.630984 5.85518 3.71979 0.345649
0.68 0.00433756 0.631567 5.85899 3.72226 0.345763
0.682 0.00434046 0.632149 5.86277 3.72472 0.34588
0.684 0.00434447 0.632727 5.86652 3.72714 0.345983
0.686 0.00434821 0.633303 5.87026 3.72957 0.346092
0.688 0.00435054 0.633877 5.87396 3.73197 0.346195
0.69 0.00435553 0.63445 5.87763 3.73436 0.346311
0.692 0.00436064 0.635017 5.88127 3.73672 0.34641
0.694 0.00436816 0.635585 5.88489 3.73908 0.346524
0.696 0.00437361 0.636148 5.88847 3.7414 0.346625
0.698 0.00437863 0.636708 5.89203 3.74372 0.34672
0.7 0.00438293 0.637264 5.89557 3.74602 0.346822
0.702 0.00438754 0.637817 5.89908 3.74829 0.346908
0.704 0.00439159 0.638367 5.90257 3.75056 0.347015
0.706 0.00439493 0.638912 5.90603 3.75281 0.347104
0.708 0.00440007 0.639455 5.90947 3.75504 0.347202
0.71 0.00440356 0.639992 5.91288 3.75726 0.347289
0.712 0.00440771 0.640528 5.91628 3.75946 0.347379
0.714 0.00441168 0.64106 5.91965 3.76166 0.347469
0.716 0.0044168 0.641588 5.923 3.76384 0.347556
0.718 0.00442165 0.642115 5.92634 3.76601 0.34764
0.72 0.0044263 0.642636 5.92965 3.76817 0.347716
0.722 0.00443045 0.643155 5.93295 3.77032 0.347796
0.724 0.00443412 0.643672 5.93624 3.77246 0.347866
0.726 0.00443841 0.644184 5.93951 3.77459 0.347935
0.728 0.00444162 0.644694 5.94276 3.77672 0.348005
0.73 0.00444534 0.645201 5.946 3.77883 0.348065
0.732 0.00444881 0.645704 5.94924 3.78094 0.348125
0.734 0.00445141 0.646205 5.95246 3.78304 0.348186
0.736 0.00445475 0.646703 5.95567 3.78512 0.348239
0.738 0.00445805 0.647197 5.95887 3.78721 0.348294
0.74 0.00446082 0.647689 5.96205 3.78928 0.348348
0.742 0.00446403 0.648178 5.96523 3.79135 0.348396
0.744 0.00446681 0.648663 5.9684 3.79341 0.348445
0.746 0.00446953 0.649146 5.97157 3.79547 0.348495
0.748 0.00447186 0.649626 5.97472 3.79751 0.348539
0.75 0.00447382 0.650102 5.97786 3.79956 0.348582
0.752 0.00447616 0.650576 5.981 3.80159 0.348625
0.754 0.00447778 0.651046 5.98413 3.80362 0.348662
0.756 0.00447906 0.651513 5.98726 3.80564 0.348701
0.758 0.00448074 0.651978 5.99037 3.80766 0.34874
0.76 0.00448318 0.65244 5.99348 3.80967 0.348777
0.762 0.00448553 0.652899 5.99658 3.81167 0.348812
0.764 0.00448783 0.653354 5.99968 3.81367 0.348846
0.766 0.00448992 0.653807 6.00277 3.81566 0.348879
0.768 0.00449197 0.654255 6.00585 3.81764 0.34891
0.77 0.0044946 0.654701 6.00894 3.81962 0.348939
0.772 0.00449666 0.655145 6.01201 3.8216 0.348968
0.774 0.00449882 0.655586 6.01509 3.82357 0.348995
0.776 0.00450066 0.656025 6.01816 3.82553 0.349024
0.778 0.00450296 0.656462 6.02122 3.82749 0.349055
0.78 0.00450609 0.656898 6.02429 3.82945 0.34909
0.782 0.00450878 0.657331 6.02734 3.8314 0.349123
0.784 0.00451062 0.657763 6.0304 3.83335 0.349154
0.786 0.00451254 0.658193 6.03345 3.83529 0.349183
0.788 0.00451435 0.658622 6.0365 3.83723 0.349212
0.79 0.00451631 0.659049 6.03955 3.83916 0.349241
0.792 0.00451828 0.659476 6.0426 3.8411 0.349271
0.794 0.00452046 0.659901 6.04564 3.84303 0.3493
0.796 0.004523 0.660327 6.04869 3.84496 0.34933
0.798 0.00452566 0.660751 6.05173 3.84689 0.349358
0.8 0.0045284 0.661176 6.05477 3.84882 0.349387
0.802 0.00453085 0.6616 6.05781 3.85074 0.349414
0.804 0.00453349 0.662025 6.06085 3.85266 0.349441
0.806 0.00453631 0.662451 6.06389 3.85458 0.349469
0.808 0.00453944 0.662878 6.06693 3.8565 0.349497
0.81 0.00454232 0.663303 6.06997 3.85842 0.349522
0.812 0.00454549 0.663729 6.07301 3.86034 0.349549
0.814 0.00454906 0.664156 6.07605 3.86225 0.349573
0.816 0.00455169 0.664586 6.07909 3.86416 0.349598
0.818 0.00455411 0.665015 6.08213 3.86607 0.349623
0.82 0.00455656 0.665447 6.08516 3.86798 0.34965
0.822 0.00455917 0.665878 6.0882 3.86988 0.349677
0.824 0.00456192 0.666312 6.09122 3.87178 0.349706
0.826 0.00456441 0.666745 6.09425 3.87367 0.349735
0.828 0.00456678 0.667181 6.09727 3.87557 0.349765
0.83 0.00456914 0.667617 6.10029 3.87745 0.349794
0.832 0.00457166 0.668055 6.10331 3.87933 0.349822
0.834 0.0045745 0.668494 6.10632 3.88121 0.349851
0.836 0.00457772 0.668935 6.10933 3.88309 0.349879
0.838 0.00458081 0.669378 6.11234 3.88496 0.349908
0.84 0.00458419 0.669824 6.11535 3.88683 0.349933
0.842 0.00458742 0.670272 6.11835 3.8887 0.349959
0.844 0.00459083 0.670722 6.12135 3.89057 0.349989
0.846 0.00459476 0.671175 6.12435 3.89243 0.350021
0.848 0.00459814 0.671628 6.12734 3.89428 0.350046
0.85 0.00460145 0.672085 6.13033 3.89614 0.350077
0.852 0.00460511 0.672541 6.13333 3.89799 0.350104
0.854 0.00460824 0.673002 6.13631 3.89985 0.350134
0.856 0.00461164 0.673461 6.1393 3.90169 0.350158
0.858 0.00461545 0.673925 6.14229 3.90355 0.350184
0.86 0.0046187 0.674387 6.14527 3.90538 0.350209
0.862 0.00462204 0.674854 6.14825 3.90723 0.350235
0.864 0.00462509 0.675319 6.15122 3.90906 0.350259
0.866 0.00462888 0.675786 6.1542 3.9109 0.350283
0.868 0.00463155 0.676252 6.15717 3.91273 0.350308
0.87 0.00463524 0.67672 6.16014 3.91456 0.350333
0.872 0.00463789 0.677188 6.16311 3.91638 0.350358
0.874 0.00464095 0.677657 6.16608 3.9182 0.350379
0.876 0.00464356 0.678126 6.16904 3.92002 0.350405
0.878 0.00464618 0.678595 6.172 3.92183 0.35043
0.88 0.00464877 0.679066 6.17496 3.92364 0.35046
0.882 0.00465167 0.679535 6.17791 3.92544 0.350478
0.884 0.00465367 0.680005 6.18086 3.92723 0.3505
0.886 0.0046559 0.680473 6.18381 3.92902 0.350518
0.888 0.00465762 0.680942 6.18676 3.93081 0.350537
0.89 0.00465942 0.68141 6.18971 3.93258 0.350557
0.892 0.00466109 0.681877 6.19266 3.93436 0.35058
0.894 0.0046628 0.682344 6.19561 3.93613 0.350602
0.896 0.00466473 0.68281 6.19857 3.9379 0.350625
0.898 0.00466631 0.683275 6.20152 3.93967 0.350649
0.9 0.00466845 0.683739 6.20448 3.94144 0.350673
0.902 0.00467039 0.684203 6.20743 3.9432 0.3507
0.904 0.00467318 0.684667 6.21039 3.94496 0.350726
0.906 0.00467472 0.68513 6.21335 3.94671 0.350748
0.908 0.00467644 0.685593 6.2163 3.94846 0.350773
0.91 0.00467854 0.686053 6.21926 3.95019 0.350794
0.912 0.00468032 0.686513 6.22222 3.95193 0.350816
0.914 0.00468153 0.68697 6.22519 3.95366 0.350845
0.916 0.00468258 0.687426 6.22815 3.95539 0.350875
0.918 0.00468344 0.68788 6.23113 3.95712 0.350911
0.92 0.00468433 0.688333 6.2341 3.95884 0.350948
0.922 0.00468519 0.688784 6.23709 3.96056 0.350991
0.924 0.00468613 0.689234 6.24008 3.96228 0.351033
0.926 0.00468698 0.689681 6.24308 3.964 0.351079
0.928 0.00468786 0.690127 6.24609 3.96573 0.351125
0.93 0.00468875 0.690571 6.24911 3.96745 0.351173
0.932 0.0046898 0.691013 6.25214 3.96917 0.35122
0.934 0.00469093 0.691452 6.25517 3.9709 0.351269
0.936 0.00469165 0.69189 6.25822 3.97262 0.351315
0.938 0.00469277 0.692325 6.26128 3.97435 0.351363
0.94 0.00469375 0.692757 6.26435 3.97608 0.351412
0.942 0.00469471 0.693186 6.26743 3.97781 0.351463
0.944 0.00469567 0.693613 6.27052 3.97954 0.351515
0.946 0.00469669 0.694038 6.27363 3.98127 0.351567
0.948 0.0046981 0.694461 6.27674 3.98301 0.35162
0.95 0.00469988 0.694882 6.27987 3.98474 0.351676
0.952 0.0047008 0.695301 6.283 3.98648 0.351733
0.954 0.00470219 0.695719 6.28615 3.98821 0.351792
0.956 0.00470353 0.696135 6.28931 3.98995 0.351858
0.958 0.00470464 0.696551 6.29248 3.99168 0.351931
0.96 0.00470635 0.696966 6.29567 3.99342 0.352012
0.962 0.00470747 0.697381 6.29886 3.99515 0.352099
0.964 0.00470896 0.697795 6.30206 3.99688 0.352192
0.966 0.00471049 0.69821 6.30528 3.99862 0.352289
0.968 0.00471189 0.698623 6.30851 4.00035 0.352391
0.97 0.00471441 0.699037 6.31175 4.00208 0.352486
0.972 0.00471694 0.699448 6.31501 4.00381 0.352582
0.974 0.00471869 0.69986 6.31828 4.00555 0.352676
0.976 0.004721 0.700271 6.32158 4.00729 0.352778
0.978 0.00472284 0.700684 6.3249 4.00904 0.352881
0.98 0.00472482 0.701099 6.32824 4.01079 0.352988
0.982 0.00472674 0.701516 6.33161 4.01256 0.353096
0.984 0.00472887 0.701936 6.33501 4.01434 0.353206
0.986 0.0047312 0.702359 6.33843 4.01612 0.353315
0.988 0.00473328 0.702785 6.34188 4.01792 0.353427
0.99 0.00473559 0.703215 6.34535 4.01973 0.353535
0.992 0.00473782 0.703647 6.34885 4.02154 0.353646
0.994 0.00474012 0.704085 6.35237 4.02337 0.35375
0.996 0.0047417 0.704528 6.35591 4.0252 0.353851
0.998 0.00474413 0.704975 6.35947 4.02705 0.353949
1 0.00474735 0.705427 6.36305 4.02889 0.354042
1.002 0.00475126 0.705876 6.36665 4.03075 0.354144
1.004 0.00475511 0.706332 6.37026 4.03261 0.354235
1.006 0.00475888 0.706791 6.37389 4.03448 0.354334
1.008 0.00476387 0.707258 6.37753 4.03637 0.354425
1.01 0.00476751 0.70773 6.38119 4.03825 0.354522
1.012 0.00477192 0.708209 6.38485 4.04014 0.354608
1.014 0.00477528 0.708692 6.38852 4.04204 0.354698
1.016 0.0047801 0.709186 6.39219 4.04394 0.354778
1.018 0.00478523 0.709676 6.39587 4.04583 0.354874
1.02 0.00479165 0.710174 6.39957 4.04774 0.354956
1.022 0.00479525 0.710675 6.40327 4.04964 0.355037
1.024 0.0048013 0.711179 6.40699 4.05154 0.355124
1.026 0.00480467 0.711692 6.41072 4.05345 0.355194
1.028 0.00480998 0.712202 6.41446 4.05535 0.355279
1.03 0.00481444 0.712724 6.41821 4.05727 0.355343
1.032 0.00481809 0.713242 6.42197 4.05917 0.355421
1.034 0.00482379 0.713768 6.42574 4.06108 0.355489
1.036 0.00482679 0.714295 6.42952 4.06299 0.355559
1.038 0.00483366 0.714823 6.43331 4.06489 0.355634
1.04 0.00483617 0.715356 6.43711 4.06679 0.355701
1.042 0.00484292 0.715888 6.44093 4.06868 0.355788
1.044 0.00484698 0.716425 6.44476 4.07059 0.355856
1.046 0.00485248 0.71696 6.44861 4.07248 0.355947
1.048 0.00485738 0.717501 6.45246 4.07438 0.356023
1.05 0.00486193 0.71804 6.45633 4.07626 0.356118
1.052 0.00486767 0.718582 6.46022 4.07816 0.356206
1.054 0.00487061 0.719123 6.46412 4.08004 0.356306
1.056 0.0048776 0.719664 6.46805 4.08192 0.356414
1.058 0.00488101 0.720205 6.47199 4.08381 0.356525
1.06 0.00488817 0.720745 6.47596 4.08569 0.356656
1.062 0.00489265 0.721287 6.47996 4.08758 0.356786
1.064 0.0048993 0.721824 6.48398 4.08945 0.356942
1.066 0.00490477 0.722366 6.48804 4.09135 0.357092
1.068 0.004911 0.722905 6.49212 4.09322 0.357265
1.07 0.00491539 0.723454 6.49624 4.09512 0.357421
1.072 0.00492138 0.723999 6.50037 4.09701 0.3576
1.074 0.00492699 0.72455 6.50454 4.0989 0.357773
1.076 0.00493189 0.725097 6.50874 4.10079 0.357962
1.078 0.00493709 0.725647 6.51297 4.10268 0.358157
1.08 0.00494118 0.726194 6.51723 4.10457 0.358365
1.082 0.00494552 0.726741 6.52154 4.10647 0.358578
1.084 0.00494989 0.727287 6.52588 4.10838 0.358803
1.086 0.00495428 0.727832 6.53026 4.11029 0.359037
1.088 0.00495785 0.728371 6.53468 4.11221 0.35929
1.09 0.00496323 0.728906 6.53916 4.11414 0.359541
1.092 0.00496848 0.729435 6.54367 4.11609 0.359808
1.094 0.00497453 0.729964 6.54824 4.11806 0.360086
1.096 0.00534402 0.730541 6.55286 4.12006 0.360871
1.098 0.0067186 0.731434 6.55567 4.12289 0.365534
1.1 0.0068796 0.731994 6.55888 4.12437 0.367154
1.102 0.0069987 0.732634 6.56197 4.12625 0.368326
1.104 0.00707196 0.733264 6.56517 4.12813 0.369091
1.106 0.00715202 0.733935 6.56829 4.13004 0.369835
1.108 0.00722961 0.734621 6.57128 4.13193 0.370565
1.11 0.00727745 0.73527 6.57424 4.13371 0.371102
1.112 0.00731427 0.73594 6.57712 4.13553 0.371541
1.114 0.00734049 0.736599 6.58005 4.13732 0.371912
1.116 0.00736429 0.737253 6.58287 4.13907 0.372237
1.118 0.00738427 0.737905 6.58572 4.14085 0.372542
1.12 0.00740335 0.738541 6.5885 4.14255 0.372806
1.122 0.00741977 0.739179 6.59127 4.14429 0.373085
1.124 0.0074337 0.739797 6.59401 4.14596 0.373314
1.126 0.0074451 0.740417 6.59672 4.14764 0.373568
1.128 0.0074536 0.741021 6.5994 4.14929 0.373785
1.13 0.00746043 0.74162 6.60205 4.15092 0.374009
1.132 0.00746634 0.742206 6.60467 4.15252 0.374211
1.134 0.00747042 0.742785 6.60727 4.15411 0.374409
1.136 0.00747426 0.743354 6.60985 4.15569 0.374598
1.138 0.00747749 0.743914 6.61241 4.15724 0.374777
1.14 0.00748038 0.744466 6.61495 4.15878 0.374952
1.142 0.00748314 0.745009 6.61747 4.1603 0.375117
1.144 0.00748509 0.745544 6.61997 4.16181 0.375278
1.146 0.00748736 0.746071 6.62245 4.16331 0.375432
1.148 0.00748981 0.746591 6.62492 4.16478 0.375579
1.15 0.00749211 0.747104 6.62737 4.16624 0.375721
1.152 0.0074941 0.74761 6.6298 4.1677 0.375859
1.154 0.00749626 0.748109 6.63222 4.16913 0.37599
1.156 0.0074984 0.748601 6.63463 4.17055 0.376117
1.158 0.00750079 0.749087 6.63702 4.17196 0.376239
1.16 0.00750337 0.749568 6.63939 4.17335 0.376356
1.162 0.00750566 0.750041 6.64176 4.17473 0.376468
1.164 0.0098103 0.750734 6.64395 4.17757 0.380774
1.166 0.0101347 0.751045 6.64537 4.17946 0.383257
1.168 0.0102782 0.751234 6.64649 4.18015 0.384005
1.17 0.0103785 0.751388 6.64734 4.18072 0.384434
1.172 0.0104583 0.751535 6.64813 4.18119 0.38472
1.174 0.0105501 0.75164 6.64872 4.18153 0.384903
1.176 0.0106137 0.751738 6.64929 4.18183 0.385027
1.178 0.0106689 0.751827 6.64981 4.18209 0.385118
1.18 0.0107056 0.751905 6.6503 4.18234 0.38518
1.182 0.0107343 0.751987 6.65077 4.18257 0.385226
1.184 0.0107598 0.752059 6.65123 4.18279 0.385259
1.186 0.0107849 0.752137 6.65167 4.183 0.385285
1.188 0.0108057 0.752208 6.65211 4.18319 0.385307
1.19 0.0108228 0.752283 6.65253 4.18339 0.385324
1.192 0.0108361 0.752354 6.65297 4.18358 0.385337
1.194 0.0108458 0.752425 6.6534 4.18377 0.385345
1.196 0.0108534 0.752496 6.65383 4.18395 0.385351
1.198 0.0108605 0.752566 6.65425 4.18414 0.385355
1.2 0.0108665 0.752637 6.65468 4.18432 0.385358
1.202 0.0108721 0.752707 6.6551 4.1845 0.385361
1.204 0.010877 0.752777 6.65552 4.18468 0.385363
1.206 0.0108813 0.752848 6.65595 4.18486 0.385365
1.208 0.0108843 0.752918 6.65638 4.18505 0.385367
1.21 0.010887 0.752989 6.65681 4.18523 0.385368
1.212 0.0108892 0.75306 6.65723 4.18541 0.38537
1.214 0.010892 0.75313 6.65766 4.1856 0.385371
1.216 0.0108945 0.753202 6.65808 4.18578 0.385373
1.218 0.0108965 0.753272 6.65851 4.18596 0.385374
1.22 0.0108981 0.753343 6.65894 4.18614 0.385374
1.222 0.0108996 0.753415 6.65937 4.18632 0.385375
1.224 0.0109012 0.753486 6.6598 4.18651 0.385376
1.226 0.0109024 0.753557 6.66023 4.18669 0.385377
1.228 0.0109035 0.753628 6.66066 4.18687 0.385378
1.23 0.0109046 0.7537 6.66108 4.18705 0.385379
1.232 0.0109057 0.753771 6.66151 4.18723 0.385379
1.234 0.0109067 0.753842 6.66194 4.18741 0.38538
1.236 0.0109075 0.753913 6.66237 4.1876 0.385381
1.238 0.0109086 0.753985 6.6628 4.18778 0.385382
1.24 0.0109095 0.754056 6.66323 4.18796 0.385382
1.242 0.0109106 0.754127 6.66366 4.18814 0.385383
1.244 0.0109114 0.754199 6.66409 4.18832 0.385384
1.246 0.0109124 0.75427 6.66452 4.1885 0.385384
1.248 0.0109133 0.754341 6.66495 4.18868 0.385385
1.25 0.0109143 0.754413 6.66538 4.18886 0.385386
1.252 0.0109151 0.754484 6.6658 4.18904 0.385387
1.254 0.0109161 0.754556 6.66623 4.18922 0.385387
1.256 0.0109172 0.754627 6.66666 4.1894 0.385388
1.258 0.0109181 0.754698 6.66709 4.18958 0.385389
1.26 0.0109191 0.754769 6.66752 4.18976 0.385389
1.262 0.0109199 0.75484 6.66795 4.18994 0.38539
1.264 0.010921 0.754912 6.66838 4.19012 0.385391
1.266 0.0109218 0.754983 6.6688 4.1903 0.385392
1.268 0.0109227 0.755054 6.66923 4.19047 0.385392
1.27 0.0109236 0.755125 6.66966 4.19065 0.385393
1.272 0.0109245 0.755196 6.67009 4.19083 0.385394
1.274 0.0109252 0.755267 6.67051 4.19101 0.385394
1.276 0.010926 0.755337 6.67094 4.19119 0.385395
1.278 0.0109269 0.755408 6.67137 4.19136 0.385395
1.28 0.0109277 0.755479 6.67179 4.19154 0.385396
1.282 0.0109285 0.75555 6.67222 4.19172 0.385397
1.284 0.0109292 0.75562 6.67264 4.19189 0.385397
1.286 0.0109299 0.755691 6.67307 4.19207 0.385398
1.288 0.0109306 0.755761 6.67349 4.19225 0.385399
1.29 0.0109314 0.755831 6.67392 4.19242 0.385399
1.292 0.010932 0.755902 6.67434 4.1926 0.3854
1.294 0.0109328 0.755972 6.67476 4.19277 0.3854
1.296 0.0109335 0.756042 6.67519 4.19295 0.385401
1.298 0.0109343 0.756112 6.67561 4.19312 0.385401
1.3 0.010935 0.756182 6.67603 4.1933 0.385402
1.302 0.0109358 0.756252 6.67646 4.19347 0.385403
1.304 0.0109365 0.756321 6.67688 4.19365 0.385403
1.306 0.0109373 0.756391 6.6773 4.19382 0.385404
1.308 0.010938 0.75646 6.67772 4.194 0.385404
1.31 0.0109387 0.75653 6.67814 4.19417 0.385405
1.312 0.0109396 0.7566 6.67856 4.19434 0.385406
1.314 0.0109403 0.756669 6.67898 4.19451 0.385406
1.316 0.010941 0.756738 6.6794 4.19469 0.385407
1.318 0.0109418 0.756807 6.67982 4.19486 0.385407
1.32 0.0109426 0.756876 6.68024 4.19503 0.385408
1.322 0.0109433 0.756945 6.68066 4.1952 0.385409
1.324 0.0109441 0.757013 6.68107 4.19537 0.385409
1.326 0.0109449 0.757082 6.68149 4.19554 0.38541
1.328 0.0109456 0.757151 6.68191 4.19572 0.38541
1.33 0.0109464 0.757219 6.68233 4.19589 0.385411
1.332 0.0109471 0.757288 6.68274 4.19606 0.385412
1.334 0.0109479 0.757356 6.68316 4.19623 0.385412
1.336 0.0109487 0.757424 6.68357 4.1964 0.385413
1.338 0.0109494 0.757492 6.68399 4.19657 0.385413
1.34 0.0109501 0.75756 6.6844 4.19673 0.385414
1.342 0.0109509 0.757628 6.68482 4.1969 0.385414
1.344 0.0109516 0.757695 6.68523 4.19707 0.385415
1.346 0.0109523 0.757763 6.68564 4.19724 0.385416
1.348 0.0109531 0.75783 6.68606 4.19741 0.385416
1.35 0.0109538 0.757897 6.68647 4.19757 0.385417
1.352 0.0109545 0.757965 6.68688 4.19774 0.385417
1.354 0.0109551 0.758032 6.68729 4.19791 0.385418
1.356 0.0109558 0.758099 6.6877 4.19807 0.385418
1.358 0.0109565 0.758165 6.68811 4.19824 0.385419
1.36 0.0109572 0.758232 6.68852 4.19841 0.38542
1.362 0.0109578 0.758299 6.68893 4.19857 0.38542
1.364 0.0109585 0.758365 6.68934 4.19874 0.385421
1.366 0.0109592 0.758431 6.68975 4.1989 0.385421
1.368 0.0109598 0.758497 6.69016 4.19907 0.385422
1.37 0.0109611 0.758563 6.69056 4.19923 0.385426
1.372 0.0109629 0.758629 6.69097 4.1994 0.385429
1.374 0.0109642 0.758695 6.69138 4.19956 0.385432
1.376 0.0109651 0.75876 6.69179 4.19972 0.385434
1.378 0.010966 0.758826 6.69219 4.19989 0.385435
1.38 0.0109667 0.758891 6.6926 4.20005 0.385436
1.382 0.0109673 0.758957 6.693 4.20021 0.385437
1.384 0.0109679 0.759022 6.69341 4.20037 0.385437
1.386 0.0109684 0.759087 6.69381 4.20053 0.385438
1.388 0.0109689 0.759151 6.69421 4.20069 0.385438
1.39 0.0109694 0.759216 6.69461 4.20085 0.385439
1.392 0.0109699 0.75928 6.69502 4.20101 0.385439
1.394 0.0109703 0.759345 6.69542 4.20117 0.38544
1.396 0.0109708 0.759409 6.69582 4.20133 0.38544
1.398 0.0109712 0.759473 6.69622 4.20149 0.385441
1.4 0.0109717 0.759537 6.69662 4.20165 0.385441
1.402 0.0109721 0.759601 6.69702 4.20181 0.385442
1.404 0.0109725 0.759664 6.69742 4.20197 0.385442
1.406 0.010973 0.759728 6.69781 4.20213 0.385443
1.408 0.0109734 0.759791 6.69821 4.20228 0.385443
1.41 0.0109739 0.759855 6.69861 4.20244 0.385444
1.412 0.0109743 0.759918 6.69901 4.2026 0.385444
1.414 0.0109747 0.759981 6.6994 4.20275 0.385445
1.416 0.0109751 0.760044 6.6998 4.20291 0.385445
1.418 0.0109756 0.760106 6.70019 4.20306 0.385446
1.42 0.010976 0.760169 6.70059 4.20322 0.385446
1.422 0.0109764 0.760231 6.70098 4.20337 0.385447
1.424 0.0109768 0.760293 6.70137 4.20353 0.385447
1.426 0.0109773 0.760356 6.70177 4.20368 0.385448
1.428 0.0109777 0.760418 6.70216 4.20384 0.385448
1.43 0.0109781 0.760479 6.70255 4.20399 0.385449
1.432 0.0109785 0.760541 6.70294 4.20414 0.385449
1.434 0.0109789 0.760603 6.70333 4.20429 0.38545
1.436 0.0109794 0.760664 6.70373 4.20445 0.38545
1.438 0.0109798 0.760725 6.70412 4.2046 0.385451
1.44 0.0109802 0.760787 6.70451 4.20475 0.385451
1.442 0.0109806 0.760848 6.70489 4.2049 0.385451
1.444 0.010981 0.760909 6.70528 4.20505 0.385452
1.446 0.0109814 0.760969 6.70567 4.2052 0.385453
1.448 0.0109817 0.76103 6.70606 4.20535 0.385453
1.45 0.0109821 0.761091 6.70645 4.2055 0.385454
1.452 0.0109825 0.761151 6.70684 4.20565 0.385454
1.454 0.0109828 0.761212 6.70722 4.2058 0.385455
1.456 0.0109832 0.761272 6.70761 4.20595 0.385455
1.458 0.0109836 0.761332 6.708 4.2061 0.385456
1.46 0.010984 0.761392 6.70838 4.20625 0.385457
1.462 0.0109843 0.761453 6.70877 4.2064 0.385457
1.464 0.0109847 0.761513 6.70916 4.20655 0.385458
1.466 0.0109851 0.761573 6.70955 4.2067 0.385458
1.468 0.0109855 0.761632 6.70993 4.20685 0.385459
1.47 0.0109858 0.761692 6.71032 4.207 0.38546
1.472 0.0109862 0.761752 6.71071 4.20715 0.38546
1.474 0.0109866 0.761812 6.71109 4.2073 0.385461
1.476 0.010987 0.761871 6.71148 4.20745 0.385462
1.478 0.0109873 0.761931 6.71186 4.2076 0.385462
1.48 0.0109878 0.76199 6.71225 4.20775 0.385463
1.482 0.0109881 0.762049 6.71264 4.2079 0.385464
1.484 0.0109885 0.762109 6.71302 4.20805 0.385464
1.486 0.0109889 0.762168 6.71341 4.2082 0.385465
1.488 0.0109893 0.762227 6.71379 4.20835 0.385466
1.49 0.0109897 0.762286 6.71418 4.2085 0.385466
1.492 0.0109901 0.762345 6.71457 4.20864 0.385467
1.494 0.0109905 0.762404 6.71495 4.20879 0.385468
1.496 0.0109909 0.762462 6.71534 4.20894 0.385468
1.498 0.0109914 0.762521 6.71572 4.20909 0.385469
1.5 0.0109919 0.762579 6.71611 4.20924 0.38547
1.502 0.0109922 0.762637 6.71649 4.20938 0.385471
1.504 0.0109926 0.762695 6.71687 4.20953 0.385471
1.506 0.010993 0.762753 6.71726 4.20968 0.385472
1.508 0.0109935 0.762811 6.71764 4.20982 0.385473
1.51 0.010994 0.762869 6.71802 4.20997 0.385474
1.512 0.0109945 0.762926 6.7184 4.21011 0.385475
1.514 0.010995 0.762983 6.71878 4.21026 0.385476
1.516 0.0109956 0.76304 6.71916 4.2104 0.385477
1.518 0.0109961 0.763097 6.71954 4.21055 0.385478
1.52 0.0109966 0.763154 6.71992 4.21069 0.385479
1.522 0.0109973 0.76321 6.7203 4.21084 0.38548
1.524 0.0109978 0.763267 6.72068 4.21098 0.385481
1.526 0.0109984 0.763323 6.72106 4.21112 0.385482
1.528 0.0109989 0.763379 6.72144 4.21127 0.385483
1.53 0.0109996 0.763435 6.72182 4.21141 0.385484
1.532 0.0110002 0.763491 6.7222 4.21155 0.385485
1.534 0.0110008 0.763547 6.72258 4.21169 0.385486
1.536 0.0110014 0.763602 6.72296 4.21184 0.385487
1.538 0.0110021 0.763658 6.72334 4.21198 0.385488
1.54 0.0110027 0.763713 6.72371 4.21212 0.385489
1.542 0.0110032 0.763768 6.72409 4.21226 0.38549
1.544 0.0110038 0.763823 6.72447 4.2124 0.385491
1.546 0.0110045 0.763878 6.72485 4.21255 0.385492
1.548 0.0110051 0.763933 6.72523 4.21269 0.385493
1.55 0.0110057 0.763988 6.72561 4.21283 0.385494
1.552 0.0110063 0.764042 6.72598 4.21297 0.385495
1.554 0.0110069 0.764097 6.72636 4.21311 0.385496
1.556 0.0110074 0.764151 6.72674 4.21325 0.385498
1.558 0.011008 0.764205 6.72712 4.21339 0.385499
1.56 0.0110085 0.764259 6.7275 4.21353 0.3855
1.562 0.011009 0.764313 6.72788 4.21367 0.385501
1.564 0.0110095 0.764367 6.72826 4.21381 0.385502
1.566 0.0110099 0.764421 6.72863 4.21395 0.385503
1.568 0.0110104 0.764475 6.72901 4.21409 0.385504
1.57 0.0110108 0.764528 6.72939 4.21423 0.385505
1.572 0.0110111 0.764582 6.72977 4.21437 0.385506
1.574 0.0110115 0.764635 6.73015 4.21451 0.385507
1.576 0.0110119 0.764688 6.73053 4.21465 0.385508
1.578 0.0110122 0.764741 6.73091 4.21479 0.385509
1.58 0.0110126 0.764794 6.73129 4.21493 0.38551
1.582 0.0110804 0.764841 6.73161 4.21511 0.385649
1.584 0.0111239 0.764859 6.73177 4.21524 0.385729
1.586 0.0111596 0.76487 6.73184 4.2153 0.385745
1.588 0.0111715 0.764873 6.73187 4.21533 0.385751
1.59 0.0111857 0.764876 6.73189 4.21536 0.385754
1.592 0.0111986 0.764879 6.73192 4.21538 0.385756
1.594 0.0112061 0.764881 6.73194 4.21539 0.385757
1.596 0.0112109 0.764883 6.73195 4.2154 0.385758
1.598 0.0112149 0.764885 6.73196 4.21541 0.385759
1.6 0.0112185 0.764886 6.73198 4.21542 0.385759
1.602 0.011222 0.764888 6.73199 4.21543 0.385759
1.604 0.0112253 0.764889 6.732 4.21544 0.38576
1.606 0.0112281 0.76489 6.73201 4.21545 0.38576
1.608 0.0112307 0.764892 6.73203 4.21546 0.38576
1.61 0.0112334 0.764893 6.73204 4.21547 0.38576
1.612 0.0112359 0.764895 6.73205 4.21548 0.38576
1.614 0.0112381 0.764896 6.73207 4.21549 0.38576
1.616 0.0112404 0.764898 6.73208 4.2155 0.385761
1.618 0.0112423 0.764899 6.73209 4.21551 0.385761
1.62 0.0112443 0.7649 6.7321 4.21552 0.385761
1.622 0.0112459 0.764901 6.73211 4.21553 0.385761
1.624 0.0112475 0.764902 6.73212 4.21553 0.385761
1.626 0.0112488 0.764903 6.73214 4.21554 0.385761
1.628 0.0112499 0.764905 6.73215 4.21555 0.385761
1.63 0.0112509 0.764906 6.73216 4.21556 0.385761
1.632 0.0112517 0.764907 6.73217 4.21556 0.385762
1.634 0.0112525 0.764909 6.73218 4.21557 0.385762
1.636 0.0112535 0.764911 6.7322 4.21558 0.385762
1.638 0.0112542 0.764912 6.73221 4.21559 0.385762
1.64 0.0112554 0.764914 6.73222 4.2156 0.385762
1.642 0.0112563 0.764916 6.73224 4.21561 0.385762
1.644 0.0112571 0.764918 6.73225 4.21562 0.385762
1.646 0.0112576 0.76492 6.73226 4.21563 0.385762
1.648 0.011258 0.764922 6.73228 4.21563 0.385762
1.65 0.0112585 0.764924 6.73229 4.21564 0.385762
1.652 0.0112589 0.764926 6.7323 4.21565 0.385762
1.654 0.0112594 0.764928 6.73232 4.21566 0.385762
1.656 0.0112597 0.76493 6.73233 4.21567 0.385762
1.658 0.01126 0.764932 6.73234 4.21568 0.385762
1.66 0.0112603 0.764934 6.73236 4.21569 0.385762
1.662 0.0112607 0.764936 6.73237 4.21569 0.385762
1.664 0.011261 0.764938 6.73238 4.2157 0.385762
1.666 0.0112614 0.76494 6.7324 4.21571 0.385762
1.668 0.0112617 0.764942 6.73241 4.21572 0.385762
1.67 0.011262 0.764944 6.73242 4.21573 0.385762
1.672 0.0112622 0.764946 6.73243 4.21574 0.385762
1.674 0.0112625 0.764947 6.73245 4.21574 0.385762
1.676 0.0112628 0.764949 6.73246 4.21575 0.385762
1.678 0.011263 0.764951 6.73247 4.21576 0.385762
1.68 0.0112633 0.764954 6.73248 4.21577 0.385762
1.682 0.0112636 0.764956 6.7325 4.21578 0.385762
1.684 0.0112639 0.764958 6.73251 4.21578 0.385762
1.686 0.0112642 0.764959 6.73252 4.21579 0.385762
1.688 0.0112644 0.764961 6.73253 4.2158 0.385762
1.69 0.0112646 0.764963 6.73254 4.21581 0.385762
1.692 0.0112648 0.764965 6.73256 4.21582 0.385762
1.694 0.011265 0.764967 6.73257 4.21582 0.385762
1.696 0.0112652 0.764969 6.73258 4.21583 0.385762
1.698 0.0112654 0.764971 6.73259 4.21584 0.385762
1.7 0.0112656 0.764973 6.7326 4.21585 0.385762
1.702 0.0112658 0.764974 6.73262 4.21585 0.385762
1.704 0.011266 0.764976 6.73263 4.21586 0.385762
1.706 0.0112661 0.764978 6.73264 4.21587 0.385762
1.708 0.0112663 0.76498 6.73265 4.21588 0.385762
1.71 0.0112665 0.764982 6.73266 4.21588 0.385762
1.712 0.0112666 0.764984 6.73267 4.21589 0.385762
1.714 0.0112668 0.764985 6.73269 4.2159 0.385762
1.716 0.011267 0.764987 6.7327 4.2159 0.385762
1.718 0.0112671 0.764989 6.73271 4.21591 0.385762
1.72 0.0112673 0.764991 6.73272 4.21592 0.385762
1.722 0.0112674 0.764993 6.73273 4.21593 0.385762
1.724 0.0112676 0.764994 6.73274 4.21593 0.385762
1.726 0.0112678 0.764996 6.73275 4.21594 0.385762
1.728 0.0112679 0.764998 6.73277 4.21595 0.385762
1.73 0.0112681 0.765 6.73278 4.21595 0.385762
1.732 0.0112682 0.765002 6.73279 4.21596 0.385762
1.734 0.0112683 0.765003 6.7328 4.21597 0.385762
1.736 0.0112685 0.765005 6.73281 4.21598 0.385762
1.738 0.0112686 0.765007 6.73282 4.21598 0.385762
1.74 0.0112688 0.765009 6.73283 4.21599 0.385762
1.742 0.0112689 0.76501 6.73284 4.216 0.385762
1.744 0.0112691 0.765012 6.73286 4.216 0.385762
1.746 0.0112692 0.765014 6.73287 4.21601 0.385763
1.748 0.0112694 0.765016 6.73288 4.21602 0.385763
1.75 0.0112695 0.765018 6.73289 4.21602 0.385763
1.752 0.0112697 0.765019 6.7329 4.21603 0.385763
1.754 0.0112698 0.765021 6.73291 4.21604 0.385763
1.756 0.01127 0.765023 6.73292 4.21604 0.385763
1.758 0.0112701 0.765025 6.73293 4.21605 0.385763
1.76 0.0112702 0.765026 6.73294 4.21606 0.385763
1.762 0.0112704 0.765028 6.73295 4.21606 0.385763
1.764 0.0112705 0.76503 6.73297 4.21607 0.385763
1.766 0.0112706 0.765031 6.73298 4.21608 0.385763
1.768 0.0112707 0.765033 6.73299 4.21608 0.385763
1.77 0.0112709 0.765035 6.733 4.21609 0.385763
1.772 0.011271 0.765036 6.73301 4.2161 0.385763
1.774 0.0112711 0.765038 6.73302 4.2161 0.385763
1.776 0.0112712 0.76504 6.73303 4.21611 0.385763
1.778 0.0112713 0.765041 6.73304 4.21612 0.385763
1.78 0.0112715 0.765043 6.73305 4.21612 0.385763
1.782 0.0112716 0.765045 6.73306 4.21613 0.385763
1.784 0.0112717 0.765046 6.73307 4.21614 0.385763
1.786 0.0112718 0.765048 6.73308 4.21614 0.385763
1.788 0.0112719 0.76505 6.73309 4.21615 0.385763
1.79 0.0112721 0.765051 6.7331 4.21616 0.385763
1.792 0.0112722 0.765053 6.73311 4.21616 0.385763
1.794 0.0112723 0.765054 6.73312 4.21617 0.385763
1.796 0.0112724 0.765056 6.73313 4.21617 0.385763
1.798 0.0112726 0.765057 6.73314 4.21618 0.385763
1.8 0.0112727 0.765059 6.73315 4.21619 0.385763
1.802 0.0112728 0.765061 6.73316 4.21619 0.385763
1.804 0.011273 0.765062 6.73317 4.2162 0.385763
1.806 0.0112731 0.765063 6.73318 4.2162 0.385763
1.808 0.0112733 0.765065 6.73319 4.21621 0.385763
1.81 0.0112734 0.765066 6.7332 4.21622 0.385763
1.812 0.0112736 0.765068 6.73321 4.21622 0.385763
1.814 0.0112737 0.765069 6.73322 4.21623 0.385763
1.816 0.0112739 0.76507 6.73323 4.21623 0.385763
1.818 0.011274 0.765072 6.73324 4.21624 0.385763
1.82 0.0112742 0.765073 6.73325 4.21624 0.385763
1.822 0.0112744 0.765074 6.73326 4.21625 0.385763
1.824 0.0112746 0.765076 6.73327 4.21625 0.385763
1.826 0.0112748 0.765077 6.73327 4.21626 0.385763
1.828 0.011275 0.765078 6.73328 4.21626 0.385763
1.83 0.0112752 0.765079 6.73329 4.21627 0.385763
1.832 0.0112754 0.76508 6.7333 4.21627 0.385763
1.834 0.0112757 0.765081 6.73331 4.21628 0.385763
1.836 0.0112759 0.765082 6.73331 4.21628 0.385763
1.838 0.0112762 0.765083 6.73332 4.21629 0.385763
1.84 0.0112764 0.765084 6.73333 4.21629 0.385763
1.842 0.0112767 0.765085 6.73334 4.21629 0.385763
1.844 0.011277 0.765085 6.73334 4.2163 0.385763
1.846 0.0112774 0.765086 6.73335 4.2163 0.385763
1.848 0.0112777 0.765087 6.73336 4.2163 0.385763
1.85 0.0112781 0.765088 6.73336 4.21631 0.385763
1.852 0.0112785 0.765088 6.73337 4.21631 0.385763
1.854 0.011279 0.765089 6.73337 4.21631 0.385763
1.856 0.0112795 0.765089 6.73338 4.21632 0.385763
1.858 0.0112799 0.76509 6.73338 4.21632 0.385763
1.86 0.0112803 0.765091 6.73339 4.21632 0.385763
1.862 0.0112808 0.765091 6.73339 4.21633 0.385763
1.864 0.0112812 0.765092 6.7334 4.21633 0.385763
1.866 0.0112816 0.765092 6.7334 4.21633 0.385763
1.868 0.011282 0.765093 6.73341 4.21633 0.385763
1.87 0.0112824 0.765093 6.73341 4.21634 0.385763
1.872 0.0112828 0.765094 6.73342 4.21634 0.385763
1.874 0.0112832 0.765094 6.73342 4.21634 0.385763
1.876 0.0112836 0.765095 6.73343 4.21634 0.385763
1.878 0.011284 0.765095 6.73343 4.21635 0.385763
1.88 0.0112843 0.765096 6.73343 4.21635 0.385763
1.882 0.0112846 0.765096 6.73344 4.21635 0.385763
1.884 0.011285 0.765097 6.73345 4.21635 0.385763
1.886 0.0112853 0.765098 6.73345 4.21636 0.385763
1.888 0.0112855 0.765099 6.73346 4.21636 0.385763
1.89 0.0112858 0.765099 6.73346 4.21636 0.385763
1.892 0.0112859 0.7651 6.73347 4.21637 0.385763
1.894 0.0112861 0.765101 6.73347 4.21637 0.385763
1.896 0.0112862 0.765101 6.73348 4.21637 0.385763
1.898 0.0112863 0.765102 6.73348 4.21637 0.385763
1.9 0.0112864 0.765103 6.73349 4.21638 0.385763
1.902 0.0112865 0.765103 6.73349 4.21638 0.385763
1.904 0.0112867 0.765104 6.7335 4.21638 0.385763
1.906 0.0112868 0.765105 6.7335 4.21639 0.385763
1.908 0.0112869 0.765105 6.73351 4.21639 0.385763
1.91 0.011287 0.765106 6.73352 4.21639 0.385763
1.912 0.0112871 0.765107 6.73352 4.21639 0.385763
1.914 0.0112872 0.765108 6.73353 4.2164 0.385763
1.916 0.0112873 0.765108 6.73353 4.2164 0.385763
1.918 0.0112874 0.765109 6.73354 4.2164 0.385763
1.92 0.0112874 0.76511 6.73354 4.21641 0.385764
1.922 0.0112875 0.765111 6.73355 4.21641 0.385764
1.924 0.0112876 0.765111 6.73356 4.21641 0.385764
1.926 0.0112876 0.765112 6.73356 4.21642 0.385764
1.928 0.0112877 0.765113 6.73357 4.21642 0.385764
1.93 0.0112878 0.765114 6.73357 4.21642 0.385764
1.932 0.0112878 0.765114 6.73358 4.21643 0.385764
1.934 0.0112879 0.765115 6.73359 4.21643 0.385764
1.936 0.011288 0.765116 6.73359 4.21643 0.385764
1.938 0.011288 0.765117 6.7336 4.21644 0.385764
1.94 0.0112881 0.765118 6.7336 4.21644 0.385764
1.942 0.0112882 0.765118 6.73361 4.21644 0.385764
1.944 0.0112882 0.765119 6.73362 4.21645 0.385764
1.946 0.0112883 0.76512 6.73362 4.21645 0.385764
1.948 0.0112884 0.765121 6.73363 4.21645 0.385764
1.95 0.0112885 0.765122 6.73364 4.21646 0.385764
1.952 0.0112885 0.765122 6.73364 4.21646 0.385764
1.954 0.0112886 0.765123 6.73365 4.21646 0.385764
1.956 0.0112887 0.765124 6.73365 4.21647 0.385764
1.958 0.0112888 0.765125 6.73366 4.21647 0.385764
1.96 0.0112888 0.765126 6.73367 4.21647 0.385764
1.962 0.0112889 0.765126 6.73367 4.21648 0.385764
1.964 0.011289 0.765127 6.73368 4.21648 0.385764
1.966 0.0112891 0.765128 6.73369 4.21648 0.385764
1.968 0.0112891 0.765129 6.73369 4.21649 0.385764
1.97 0.0112892 0.76513 6.7337 4.21649 0.385764
1.972 0.0112893 0.76513 6.7337 4.2165 0.385764
1.974 0.0112894 0.765131 6.73371 4.2165 0.385764
1.976 0.0112895 0.765132 6.73372 4.2165 0.385764
1.978 0.0112895 0.765133 6.73372 4.21651 0.385764
1.98 0.0112896 0.765134 6.73373 4.21651 0.385764
1.982 0.0112897 0.765134 6.73374 4.21651 0.385764
1.984 0.0112898 0.765135 6.73374 4.21652 0.385764
1.986 0.0112898 0.765136 6.73375 4.21652 0.385764
1.988 0.0112899 0.765137 6.73375 4.21652 0.385764
1.99 0.01129 0.765138 6.73376 4.21653 0.385764
1.992 0.01129 0.765138 6.73377 4.21653 0.385764
1.994 0.0112901 0.765139 6.73377 4.21653 0.385764
1.996 0.0112902 0.76514 6.73378 4.21654 0.385764
1.998 0.0112902 0.765141 6.73378 4.21654 0.385764
2 0.0112903 0.765142 6.73379 4.21654 0.385764
2.002 0.0112904 0.765142 6.7338 4.21655 0.385764
2.004 0.0112904 0.765143 6.7338 4.21655 0.385764
2.006 0.0112905 0.765144 6.73381 4.21655 0.385764
2.008 0.0112905 0.765145 6.73382 4.21656 0.385764
2.01 0.0112906 0.765145 6.73382 4.21656 0.385764
2.012 0.0112907 0.765146 6.73383 4.21656 0.385764
2.014 0.0112907 0.765147 6.73383 4.21657 0.385764
2.016 0.0112908 0.765148 6.73384 4.21657 0.385764
2.018 0.0112908 0.765149 6.73385 4.21657 0.385764
2.02 0.0112909 0.765149 6.73385 4.21658 0.385764
2.022 0.0112909 0.76515 6.73386 4.21658 0.385764
2.024 0.011291 0.765151 6.73387 4.21658 0.385764
2.026 0.011291 0.765152 6.73387 4.21659 0.385764
2.028 0.0112911 0.765152 6.73388 4.21659 0.385764
2.03 0.0112911 0.765153 6.73388 4.21659 0.385764
2.032 0.0112912 0.765154 6.73389 4.2166 0.385764
2.034 0.0112913 0.765155 6.7339 4.2166 0.385764
2.036 0.0112913 0.765156 6.7339 4.21661 0.385764
2.038 0.0112913 0.765156 6.73391 4.21661 0.385764
2.04 0.0112914 0.765157 6.73391 4.21661 0.385764
2.042 0.0112914 0.765158 6.73392 4.21662 0.385764
2.044 0.0112915 0.765159 6.73393 4.21662 0.385764
2.046 0.0112915 0.765159 6.73393 4.21662 0.385764
2.048 0.0112916 0.76516 6.73394 4.21663 0.385764
2.05 0.0112916 0.765161 6.73395 4.21663 0.385764
2.052 0.0112917 0.765162 6.73395 4.21663 0.385764
2.054 0.0112917 0.765162 6.73396 4.21664 0.385764
2.056 0.0112918 0.765163 6.73396 4.21664 0.385764
2.058 0.0112918 0.765164 6.73397 4.21664 0.385764
2.06 0.0112919 0.765165 6.73398 4.21665 0.385764
2.062 0.0112919 0.765166 6.73398 4.21665 0.385764
2.064 0.011292 0.765166 6.73399 4.21665 0.385764
2.066 0.011292 0.765167 6.73399 4.21666 0.385764
2.068 0.0112921 0.765168 6.734 4.21666 0.385764
2.07 0.0112921 0.765169 6.73401 4.21666 0.385764
2.072 0.0112922 0.765169 6.73401 4.21667 0.385764
2.074 0.0112922 0.76517 6.73402 4.21667 0.385764
2.076 0.0112923 0.765171 6.73402 4.21667 0.385764
2.078 0.0112923 0.765172 6.73403 4.21668 0.385764
2.08 0.0112924 0.765172 6.73404 4.21668 0.385764
2.082 0.0112924 0.765173 6.73404 4.21668 0.385764
2.084 0.0112925 0.765174 6.73405 4.21669 0.385764
2.086 0.0112925 0.765175 6.73406 4.21669 0.385764
2.088 0.0112926 0.765175 6.73406 4.21669 0.385764
2.09 0.0112926 0.765176 6.73407 4.2167 0.385764
2.092 0.0112927 0.765177 6.73407 4.2167 0.385764
2.094 0.0112927 0.765178 6.73408 4.2167 0.385764
2.096 0.0112928 0.765178 6.73409 4.21671 0.385764
2.098 0.0112928 0.765179 6.73409 4.21671 0.385764
2.1 0.0112929 0.76518 6.7341 4.21671 0.385764
2.102 0.0112929 0.765181 6.7341 4.21672 0.385764
2.104 0.011293 0.765181 6.73411 4.21672 0.385764
2.106 0.011293 0.765182 6.73412 4.21672 0.385764
2.108 0.0112931 0.765183 6.73412 4.21673 0.385764
2.11 0.0112931 0.765184 6.73413 4.21673 0.385764
2.112 0.0112932 0.765184 6.73413 4.21673 0.385764
2.114 0.0112932 0.765185 6.73414 4.21674 0.385764
2.116 0.0112932 0.765186 6.73415 4.21674 0.385764
2.118 0.0112933 0.765187 6.73415 4.21674 0.385764
2.12 0.0112933 0.765187 6.73416 4.21675 0.385764
2.122 0.0112934 0.765188 6.73416 4.21675 0.385764
2.124 0.0112934 0.765189 6.73417 4.21675 0.385764
2.126 0.0112935 0.76519 6.73418 4.21676 0.385764
2.128 0.0112935 0.76519 6.73418 4.21676 0.385764
2.13 0.0112936 0.765191 6.73419 4.21676 0.385764
2.132 0.0112936 0.765192 6.7342 4.21677 0.385764
2.134 0.0112937 0.765192 6.7342 4.21677 0.385764
2.136 0.0112937 0.765193 6.73421 4.21677 0.385764
2.138 0.0112938 0.765194 6.73421 4.21678 0.385764
2.14 0.0112938 0.765195 6.73422 4.21678 0.385764
2.142 0.0112939 0.765195 6.73423 4.21678 0.385764
2.144 0.0112939 0.765196 6.73423 4.21679 0.385764
2.146 0.0112939 0.765197 6.73424 4.21679 0.385764
2.148 0.011294 0.765198 6.73424 4.21679 0.385764
2.15 0.011294 0.765198 6.73425 4.2168 0.385764
2.152 0.0112941 0.765199 6.73426 4.2168 0.385764
2.154 0.0112941 0.7652 6.73426 4.2168 0.385764
2.156 0.0112942 0.765201 6.73427 4.21681 0.385764
2.158 0.0112942 0.765201 6.73427 4.21681 0.385764
2.16 0.0112942 0.765202 6.73428 4.21681 0.385764
2.162 0.0112943 0.765203 6.73429 4.21682 0.385764
2.164 0.0112943 0.765203 6.73429 4.21682 0.385764
2.166 0.0112944 0.765204 6.7343 4.21682 0.385764
2.168 0.0112944 0.765205 6.7343 4.21683 0.385764
2.17 0.0112945 0.765206 6.73431 4.21683 0.385764
2.172 0.0112945 0.765206 6.73432 4.21683 0.385764
2.174 0.0112945 0.765207 6.73432 4.21684 0.385764
2.176 0.0112946 0.765208 6.73433 4.21684 0.385764
2.178 0.0112946 0.765209 6.73433 4.21684 0.385764
2.18 0.0112947 0.765209 6.73434 4.21685 0.385764
2.182 0.0112947 0.76521 6.73435 4.21685 0.385764
2.184 0.0112947 0.765211 6.73435 4.21685 0.385764
2.186 0.0112948 0.765211 6.73436 4.21686 0.385764
2.188 0.0112948 0.765212 6.73436 4.21686 0.385764
2.19 0.0112949 0.765213 6.73437 4.21686 0.385764
2.192 0.0112949 0.765214 6.73438 4.21687 0.385764
2.194 0.0112949 0.765214 6.73438 4.21687 0.385764
2.196 0.011295 0.765215 6.73439 4.21687 0.385764
2.198 0.011295 0.765216 6.73439 4.21688 0.385764
2.2 0.0112951 0.765217 6.7344 4.21688 0.385764
2.202 0.0112951 0.765217 6.73441 4.21688 0.385764
2.204 0.0112951 0.765218 6.73441 4.21689 0.385764
2.206 0.0112952 0.765219 6.73442 4.21689 0.385764
2.208 0.0112952 0.765219 6.73443 4.21689 0.385764
2.21 0.0112953 0.76522 6.73443 4.2169 0.385764
2.212 0.0112953 0.765221 6.73444 4.2169 0.385764
2.214 0.0112953 0.765222 6.73444 4.2169 0.385764
2.216 0.0112954 0.765222 6.73445 4.21691 0.385764
2.218 0.0112954 0.765223 6.73446 4.21691 0.385764
2.22 0.0112954 0.765224 6.73446 4.21691 0.385764
2.222 0.0112955 0.765224 6.73447 4.21692 0.385764
2.224 0.0112955 0.765225 6.73447 4.21692 0.385764
2.226 0.0112956 0.765226 6.73448 4.21692 0.385764
2.228 0.0112956 0.765227 6.73449 4.21693 0.385764
2.23 0.0112956 0.765227 6.73449 4.21693 0.385764
2.232 0.0112957 0.765228 6.7345 4.21693 0.385764
2.234 0.0112957 0.765229 6.7345 4.21694 0.385764
2.236 0.0112958 0.765229 6.73451 4.21694 0.385764
2.238 0.0112958 0.76523 6.73451 4.21694 0.385764
2.24 0.0112958 0.765231 6.73452 4.21694 0.385764
2.242 0.0112959 0.765232 6.73453 4.21695 0.385764
2.244 0.0112959 0.765232 6.73453 4.21695 0.385764
2.246 0.0112959 0.765233 6.73454 4.21695 0.385764
2.248 0.011296 0.765234 6.73454 4.21696 0.385764
2.25 0.011296 0.765234 6.73455 4.21696 0.385764
2.252 0.011296 0.765235 6.73456 4.21696 0.385764
2.254 0.0112961 0.765236 6.73456 4.21697 0.385764
2.256 0.0112961 0.765236 6.73457 4.21697 0.385764
2.258 0.0112962 0.765237 6.73457 4.21697 0.385764
2.26 0.0112962 0.765238 6.73458 4.21698 0.385764
2.262 0.0112962 0.765239 6.73459 4.21698 0.385764
2.264 0.0112963 0.765239 6.73459 4.21698 0.385764
2.266 0.0112963 0.76524 6.7346 4.21699 0.385764
2.268 0.0112963 0.765241 6.7346 4.21699 0.385764
2.27 0.0112964 0.765241 6.73461 4.21699 0.385764
2.272 0.0112964 0.765242 6.73462 4.217 0.385764
2.274 0.0112964 0.765243 6.73462 4.217 0.385764
2.276 0.0112965 0.765243 6.73463 4.217 0.385764
2.278 0.0112965 0.765244 6.73463 4.21701 0.385764
2.28 0.0112965 0.765245 6.73464 4.21701 0.385764
2.282 0.0112966 0.765246 6.73465 4.21701 0.385764
2.284 0.0112966 0.765246 6.73465 4.21702 0.385764
2.286 0.0112966 0.765247 6.73466 4.21702 0.385764
2.288 0.0112967 0.765248 6.73466 4.21702 0.385764
2.29 0.0112967 0.765248 6.73467 4.21703 0.385764
2.292 0.0112968 0.765249 6.73468 4.21703 0.385764
2.294 0.0112968 0.76525 6.73468 4.21703 0.385764
2.296 0.0112968 0.76525 6.73469 4.21704 0.385764
2.298 0.0112969 0.765251 6.73469 4.21704 0.385764
2.3 0.0112969 0.765252 6.7347 4.21704 0.385764
2.302 0.0112969 0.765253 6.73471 4.21705 0.385764
2.304 0.011297 0.765253 6.73471 4.21705 0.385764
2.306 0.011297 0.765254 6.73472 4.21705 0.385764
2.308 0.011297 0.765255 6.73472 4.21706 0.385764
2.31 0.0112971 0.765255 6.73473 4.21706 0.385764
2.312 0.0112971 0.765256 6.73474 4.21706 0.385764
2.314 0.0112971 0.765257 6.73474 4.21707 0.385764
2.316 0.0112972 0.765257 6.73475 4.21707 0.385764
2.318 0.0112972 0.765258 6.73475 4.21707 0.385764
2.32 0.0112972 0.765259 6.73476 4.21707 0.385764
2.322 0.0112973 0.765259 6.73477 4.21708 0.385764
2.324 0.0112973 0.76526 6.73477 4.21708 0.385764
2.326 0.0112973 0.765261 6.73478 4.21708 0.385764
2.328 0.0112974 0.765262 6.73478 4.21709 0.385764
2.33 0.0112974 0.765262 6.73479 4.21709 0.385764
2.332 0.0112974 0.765263 6.73479 4.21709 0.385764
2.334 0.0112975 0.765264 6.7348 4.2171 0.385764
2.336 0.0112975 0.765264 6.73481 4.2171 0.385764
2.338 0.0112975 0.765265 6.73481 4.2171 0.385764
2.34 0.0112976 0.765266 6.73482 4.21711 0.385764
2.342 0.0112976 0.765266 6.73482 4.21711 0.385764
2.344 0.0112976 0.765267 6.73483 4.21711 0.385764
2.346 0.0112977 0.765268 6.73484 4.21712 0.385764
2.348 0.0112977 0.765268 6.73484 4.21712 0.385764
2.35 0.0112977 0.765269 6.73485 4.21712 0.385764
2.352 0.0112978 0.76527 6.73485 4.21713 0.385764
2.354 0.0112978 0.76527 6.73486 4.21713 0.385764
2.356 0.0112978 0.765271 6.73487 4.21713 0.385764
2.358 0.0112979 0.765272 6.73487 4.21714 0.385764
2.36 0.0112979 0.765273 6.73488 4.21714 0.385764
2.362 0.0112979 0.765273 6.73488 4.21714 0.385764
2.364 0.011298 0.765274 6.73489 4.21715 0.385764
2.366 0.011298 0.765275 6.73489 4.21715 0.385764
2.368 0.011298 0.765275 6.7349 4.21715 0.385764
2.37 0.0112981 0.765276 6.73491 4.21715 0.385764
2.372 0.0112981 0.765277 6.73491 4.21716 0.385764
2.374 0.0112981 0.765277 6.73492 4.21716 0.385764
2.376 0.0112982 0.765278 6.73492 4.21716 0.385764
2.378 0.0112982 0.765279 6.73493 4.21717 0.385764
2.38 0.0112982 0.765279 6.73494 4.21717 0.385764
2.382 0.0112983 0.76528 6.73494 4.21717 0.385764
2.384 0.0112983 0.765281 6.73495 4.21718 0.385764
2.386 0.0112983 0.765281 6.73495 4.21718 0.385764
2.388 0.0112984 0.765282 6.73496 4.21718 0.385764
2.39 0.0112984 0.765283 6.73496 4.21719 0.385764
2.392 0.0112984 0.765283 6.73497 4.21719 0.385764
2.394 0.0112985 0.765284 6.73498 4.21719 0.385764
2.396 0.0112985 0.765285 6.73498 4.2172 0.385764
2.398 0.0112985 0.765285 6.73499 4.2172 0.385764
2.4 0.0112986 0.765286 6.73499 4.2172 0.385764
2.402 0.0112986 0.765287 6.735 4.21721 0.385764
2.404 0.0112986 0.765287 6.73501 4.21721 0.385764
2.406 0.0112987 0.765288 6.73501 4.21721 0.385764
2.408 0.0112987 0.765289 6.73502 4.21722 0.385764
2.41 0.0112987 0.765289 6.73502 4.21722 0.385764
2.412 0.0112988 0.76529 6.73503 4.21722 0.385764
2.414 0.0112988 0.765291 6.73504 4.21722 0.385764
2.416 0.0112988 0.765291 6.73504 4.21723 0.385764
2.418 0.0112989 0.765292 6.73505 4.21723 0.385764
2.42 0.0112989 0.765293 6.73505 4.21723 0.385764
2.422 0.0112989 0.765293 6.73506 4.21724 0.385764
2.424 0.011299 0.765294 6.73506 4.21724 0.385764
2.426 0.011299 0.765295 6.73507 4.21724 0.385764
2.428 0.011299 0.765295 6.73508 4.21725 0.385764
2.43 0.0112991 0.765296 6.73508 4.21725 0.385764
2.432 0.0112991 0.765297 6.73509 4.21725 0.385764
2.434 0.0112991 0.765297 6.73509 4.21726 0.385764
2.436 0.0112992 0.765298 6.7351 4.21726 0.385764
2.438 0.0112992 0.765299 6.7351 4.21726 0.385764
2.44 0.0112992 0.765299 6.73511 4.21727 0.385764
2.442 0.0112993 0.7653 6.73512 4.21727 0.385764
2.444 0.0112993 0.765301 6.73512 4.21727 0.385764
2.446 0.0112994 0.765301 6.73513 4.21728 0.385764
2.448 0.0112994 0.765302 6.73513 4.21728 0.385764
2.45 0.0112994 0.765303 6.73514 4.21728 0.385764
2.452 0.0112995 0.765303 6.73515 4.21729 0.385764
2.454 0.0112995 0.765304 6.73515 4.21729 0.385764
2.456 0.0112995 0.765305 6.73516 4.21729 0.385764
2.458 0.0112996 0.765305 6.73516 4.21729 0.385764
2.46 0.0112996 0.765306 6.73517 4.2173 0.385764
2.462 0.0112996 0.765307 6.73517 4.2173 0.385764
2.464 0.0112997 0.765307 6.73518 4.2173 0.385764
2.466 0.0112997 0.765308 6.73519 4.21731 0.385764
2.468 0.0112997 0.765309 6.73519 4.21731 0.385764
2.47 0.0112998 0.765309 6.7352 4.21731 0.385764
2.472 0.0112998 0.76531 6.7352 4.21732 0.385764
2.474 0.0112999 0.765311 6.73521 4.21732 0.385764
2.476 0.0112999 0.765311 6.73521 4.21732 0.385764
2.478 0.0112999 0.765312 6.73522 4.21733 0.385764
2.48 0.0113 0.765313 6.73523 4.21733 0.385764
2.482 0.0113 0.765313 6.73523 4.21733 0.385764
2.484 0.0113 0.765314 6.73524 4.21734 0.385764
2.486 0.0113001 0.765315 6.73524 4.21734 0.385764
2.488 0.0113001 0.765315 6.73525 4.21734 0.385764
2.49 0.0113001 0.765316 6.73526 4.21734 0.385764
2.492 0.0113002 0.765317 6.73526 4.21735 0.385764
2.494 0.0113002 0.765317 6.73527 4.21735 0.385764
2.496 0.0113002 0.765318 6.73527 4.21735 0.385764
2.498 0.0113003 0.765319 6.73528 4.21736 0.385764
2.5 0.0113003 0.765319 6.73528 4.21736 0.385764
