0.0000000000000000e+00 1.2719563470721056e+01 8.8123720725543926e+00
1.0000000000000928e-01 1.0125392229123561e+03 9.6436003894103862e+02
1.9999999999998785e-01 1.1821169157594670e+03 1.3534987563377745e+03
3.0000000000001847e-01 1.2313594783962069e+03 1.5611218930804300e+03
4.0000000000011848e-01 1.5370895580668659e+03 1.8571627642791318e+03
5.0000000000021849e-01 1.6926731874874476e+03 1.8708029422181685e+03
6.0000000000031850e-01 1.2802807033792037e+03 1.8638868189425825e+03
7.0000000000041851e-01 1.5292205056327507e+03 2.2560440705271862e+03
8.0000000000051852e-01 2.2456087299271821e+03 2.5159446926646210e+03
9.0000000000061853e-01 2.3336885882698907e+03 1.9805440029538267e+03
1.0000000000007185e+00 2.5446027947223156e+03 1.4942723168277280e+03
1.1000000000002634e+00 3.0895333248923253e+03 1.7614524653616650e+03
1.1999999999998083e+00 3.1244229800956609e+03 1.6878022795236641e+03
1.2999999999993532e+00 3.1782994172422386e+03 1.6447254975554517e+03
1.3999999999988981e+00 3.2588028787322091e+03 1.6983159336654669e+03
1.4999999999984430e+00 3.3598049337414354e+03 1.7542268921840855e+03
1.5999999999979879e+00 3.4728478529652157e+03 1.8157213566624998e+03
1.6999999999975328e+00 3.5956207745420184e+03 1.8800874470564213e+03
1.7999999999970777e+00 3.7252728181388811e+03 1.9443613668198113e+03
1.8999999999966226e+00 3.8607982300668637e+03 2.0136166380052141e+03
1.9999999999961675e+00 4.0041529419446306e+03 2.0848953250547270e+03
2.0999999999968226e+00 4.1527566716736410e+03 2.1585953295142931e+03
2.1999999999974778e+00 4.3086441317593517e+03 2.2357549492134444e+03
2.2999999999981329e+00 4.4699054213256759e+03 2.3149453788017668e+03
2.3999999999987880e+00 4.6379015981668217e+03 2.3972545148309832e+03
2.4999999999994431e+00 4.8123602206346150e+03 2.4825199446944907e+03
2.6000000000000982e+00 4.9932558388009056e+03 2.5706192529686614e+03
2.7000000000007534e+00 5.1805918882808774e+03 2.6615620845276339e+03
2.8000000000014085e+00 5.3753854428012273e+03 2.7558810401514611e+03
2.9000000000020636e+00 5.5740927766824607e+03 2.8520547256644745e+03
3.0000000000027187e+00 5.7819640866753016e+03 2.9516679070536652e+03
3.1000000000033738e+00 5.9923958547710517e+03 3.0541425378907543e+03
3.2000000000040290e+00 6.2105031164731427e+03 3.1591864409065988e+03
3.3000000000046841e+00 6.4346969060342544e+03 3.2670777775493307e+03
3.4000000000053392e+00 6.6559834791586927e+03 3.4060875909668357e+03
3.5000000000059943e+00 6.8961697780573832e+03 3.4931085216161641e+03
3.6000000000066494e+00 7.1356339347479570e+03 3.6097595634227996e+03
3.7000000000073046e+00 7.3805296827276488e+03 3.7249628839774127e+03
3.8000000000079597e+00 7.6297594447314186e+03 3.8418153045157087e+03
3.9000000000086148e+00 7.8877239970196288e+03 3.9539306553872211e+03
4.0000000000092699e+00 8.1812909435272413e+03 3.9952197430200163e+03
4.1000000000099250e+00 8.4572249136965947e+03 4.1049411492161043e+03
4.2000000000105802e+00 8.7329139965294034e+03 4.2179298892053866e+03
4.3000000000112353e+00 9.0096017554002974e+03 4.3334372891465382e+03
4.4000000000118904e+00 9.2886193445129138e+03 4.4516550730339486e+03
4.5000000000125455e+00 9.5711552054822623e+03 4.5729062245536279e+03
4.6000000000132006e+00 9.8584609640620074e+03 4.6956551509596011e+03
4.7000000000138558e+00 1.0149349612823877e+04 4.8171096427050697e+03
4.8000000000145109e+00 1.0441922165154903e+04 4.9396312648534831e+03
4.9000000000151660e+00 1.0736318102092886e+04 5.0635522174696089e+03
5.0000000000158211e+00 1.1033277474802002e+04 5.1887163167022436e+03
5.1000000000164762e+00 3.4711352277374731e+03 4.5105425694407022e+03
5.2000000000171314e+00 3.4790352544200869e+03 4.5241988065716478e+03
5.3000000000177865e+00 3.4860805639448172e+03 4.5358582482329593e+03
5.4000000000184416e+00 3.4902152246937017e+03 4.5427664866542245e+03
5.5000000000190967e+00 3.4924997926277060e+03 4.5468257376264719e+03
5.6000000000197518e+00 3.4937151956163216e+03 4.5492696006506758e+03
5.7000000000204070e+00 3.4943161454973206e+03 4.5507584285021103e+03
5.8000000000210621e+00 3.4945642798112790e+03 4.5516981316440797e+03
5.9000000000217172e+00 3.4946102564326329e+03 4.5523217838438140e+03
6.0000000000223723e+00 3.4947933123912626e+03 4.5534127194571784e+03
6.1000000000230274e+00 3.4950678240474854e+03 4.5547953926762102e+03
6.2000000000236826e+00 3.4953097590523917e+03 4.5561165534251450e+03
6.3000000000243377e+00 3.4955353974877944e+03 4.5574008106361052e+03
6.4000000000249928e+00 3.4957515459832612e+03 4.5586579751745548e+03
6.5000000000256479e+00 3.4959615216415705e+03 4.5598928300303760e+03
6.6000000000263030e+00 3.4961670548945208e+03 4.5611079731632763e+03
6.7000000000269582e+00 3.4963690887563257e+03 4.5623049310131310e+03
6.8000000000276133e+00 3.4965681486843773e+03 4.5634846496565269e+03
6.9000000000282684e+00 3.4967645207831042e+03 4.5646477329510753e+03
7.0000000000289235e+00 3.4971832577228929e+03 4.5661301964505710e+03
7.1000000000295787e+00 3.4976228743628485e+03 4.5676321786468807e+03
7.2000000000302338e+00 3.4980617863873417e+03 4.5691209679454287e+03
7.3000000000308889e+00 3.4984980479661026e+03 4.5705936924889256e+03
7.4000000000315440e+00 3.4989307882534713e+03 4.5720493507897691e+03
7.5000000000321991e+00 3.4993595968833797e+03 4.5734875766204304e+03
7.6000000000328543e+00 3.4997843012327667e+03 4.5749083152607336e+03
7.7000000000335094e+00 3.5002048367651046e+03 4.5763116518791248e+03
7.8000000000341645e+00 3.5005970687938220e+03 4.5775476256881557e+03
7.9000000000348196e+00 3.5009521263058091e+03 4.5785985563341119e+03
8.0000000000354738e+00 3.5012981811468026e+03 4.5796273982775174e+03
8.1000000000316881e+00 3.5016382360427406e+03 4.5806402374420304e+03
8.2000000000279023e+00 3.5019738238150280e+03 4.5816403512188654e+03
8.3000000000241165e+00 3.5023059338786352e+03 4.5826296922776155e+03
8.4000000000203308e+00 3.5026351892940893e+03 4.5836094455900839e+03
8.5000000000165450e+00 3.5028675667115249e+03 4.5843175165211132e+03
8.6000000000127592e+00 3.5030690861127300e+03 4.5849358796707293e+03
8.7000000000089734e+00 3.5032724785359937e+03 4.5855537015919299e+03
8.8000000000051877e+00 3.5034772534068479e+03 4.5861702592812435e+03
8.9000000000014019e+00 3.5036824469797020e+03 4.5867838994136036e+03
8.9999999999976161e+00 3.5038873726788161e+03 4.5873934595561877e+03
9.0999999999938304e+00 3.5040916310764028e+03 4.5879982960992165e+03
9.1999999999900446e+00 3.5042949788308724e+03 4.5885980409432923e+03
9.2999999999862588e+00 3.5044972514801043e+03 4.5891924619891988e+03
9.3999999999824730e+00 3.5046983640190101e+03 4.5897814671947854e+03
9.4999999999786873e+00 3.5048982627120322e+03 4.5903650151564716e+03
9.5999999999749015e+00 3.5050969139976987e+03 4.5909430925208117e+03
9.6999999999711157e+00 3.5052942960001510e+03 4.5915157114205049e+03
9.7999999999673300e+00 3.5054904010960536e+03 4.5920829026918600e+03
9.8999999999635442e+00 3.5056852136608745e+03 4.5926446859932348e+03
9.9999999999597584e+00 3.5058787418379206e+03 4.5932011187819808e+03
