0.0000000000000000e+00 1.2719563470721038e+01 8.8123720725543873e+00
1.0000000000000928e-01 9.7555823069572602e+02 1.4320170115273629e+03
1.9999999999998785e-01 1.0967300521384996e+03 1.7048688300981053e+03
3.0000000000001847e-01 1.4243272695438695e+03 1.9858599433353556e+03
4.0000000000011848e-01 1.3057354286785558e+03 2.2220035748386817e+03
5.0000000000021849e-01 1.0133072677351624e+03 2.2823878685180384e+03
6.0000000000031850e-01 1.8597131739676786e+03 2.6745109562538078e+03
7.0000000000041851e-01 2.5983273040468916e+03 2.8058495378719831e+03
8.0000000000051852e-01 2.0277702312111724e+03 2.6637320159242204e+03
9.0000000000061853e-01 1.3196424289739853e+03 3.6170105510725584e+03
1.0000000000007185e+00 1.7217920968342014e+03 3.5446416558650535e+03
1.1000000000002634e+00 2.5804524777236697e+03 2.8476660075316058e+03
1.1999999999998083e+00 2.8311239254196307e+03 2.5210873154598912e+03
1.2999999999993532e+00 3.0278635925721455e+03 2.3513270074769157e+03
1.3999999999988981e+00 3.1495531325189540e+03 2.4108457173488623e+03
1.4999999999984430e+00 3.2618609324995714e+03 2.4971218498660610e+03
1.5999999999979879e+00 3.3746379340191907e+03 2.5863414666090903e+03
1.6999999999975328e+00 3.4881698111596688e+03 2.6794977933250866e+03
1.7999999999970777e+00 3.6024965580213793e+03 2.7724837676551861e+03
1.8999999999966226e+00 3.7172590766853127e+03 2.8705341116013083e+03
1.9999999999961675e+00 3.8366739702052832e+03 2.9685540168408656e+03
2.0999999999968226e+00 3.9582502559183208e+03 3.0671331443201370e+03
2.1999999999974778e+00 4.0839890599952546e+03 3.1680769242540609e+03
2.2999999999981329e+00 4.2123036506723365e+03 3.2699189492961223e+03
2.3999999999987880e+00 4.3440927795995622e+03 3.3749159268242893e+03
2.4999999999994431e+00 4.4796376416249432e+03 3.4817060091978210e+03
2.6000000000000982e+00 4.6186270686679800e+03 3.5909818676942541e+03
2.7000000000007534e+00 4.7609863478326924e+03 3.7029688026278664e+03
2.8000000000014085e+00 4.9056381749216580e+03 3.8219547662823970e+03
2.9000000000020636e+00 5.0558957591620674e+03 3.9321694820878397e+03
3.0000000000027187e+00 5.2023465428362852e+03 4.0661609787071948e+03
3.1000000000033738e+00 5.3505147394486557e+03 4.1964555715459765e+03
3.2000000000040290e+00 5.4982609549803756e+03 4.3367608394323133e+03
3.3000000000046841e+00 5.6457826400064114e+03 4.4823669009365158e+03
3.4000000000053392e+00 5.7830702997108065e+03 4.6540209106822458e+03
3.5000000000059943e+00 5.9224091410539340e+03 4.8134670729747213e+03
3.6000000000066494e+00 6.0821117192985548e+03 4.9419839752553480e+03
3.7000000000073046e+00 6.2281504911075299e+03 5.1010867615906982e+03
3.8000000000079597e+00 6.3323244526334192e+03 5.3375708869401287e+03
3.9000000000086148e+00 6.4752577481501012e+03 5.4987289243616997e+03
4.0000000000092699e+00 6.5929338382752085e+03 5.7176881699359819e+03
4.1000000000099250e+00 6.7250956129779133e+03 5.9087852019899055e+03
4.2000000000105802e+00 6.8610404409144558e+03 6.0876724608471623e+03
4.3000000000112353e+00 6.9994715486537370e+03 6.2597899406789729e+03
4.4000000000118904e+00 7.1403119183777208e+03 6.4270035724888830e+03
4.5000000000125455e+00 7.2843000557772411e+03 6.5896325717569125e+03
4.6000000000132006e+00 7.4315465899970368e+03 6.7490285644646656e+03
4.7000000000138558e+00 7.5797934691169721e+03 6.9095464555527114e+03
4.8000000000145109e+00 7.7268944720135369e+03 7.0740033781576249e+03
4.9000000000151660e+00 7.8737551023605392e+03 7.2395186720220045e+03
5.0000000000158211e+00 8.0208965129574590e+03 7.4055541523581396e+03
5.1000000000164762e+00 1.7858643176339001e+03 1.6398824857869856e+03
5.2000000000171314e+00 1.7401596374251817e+03 1.7276079363895728e+03
5.3000000000177865e+00 1.7243478689022033e+03 1.7648060076168954e+03
5.4000000000184416e+00 1.7180883134841220e+03 1.7834606937100684e+03
5.5000000000190967e+00 1.7161593839249826e+03 1.7930499904966389e+03
5.6000000000197518e+00 1.7165072651564988e+03 1.7975893723368893e+03
5.7000000000204070e+00 1.7180023812813524e+03 1.7994280083798067e+03
5.8000000000210621e+00 1.7201152627973920e+03 1.7997576726032771e+03
5.9000000000217172e+00 1.7225599836036843e+03 1.7992401450710927e+03
6.0000000000223723e+00 1.7252411096323240e+03 1.7981321828617986e+03
6.1000000000230274e+00 1.7280369521457674e+03 1.7966676440818612e+03
6.2000000000236826e+00 1.7308894941031492e+03 1.7950525022506529e+03
6.3000000000243377e+00 1.7337372296319427e+03 1.7933909339043630e+03
6.4000000000249928e+00 1.7365550009687418e+03 1.7917314532504024e+03
6.5000000000256479e+00 1.7393337027941511e+03 1.7900945086788174e+03
6.6000000000263030e+00 1.7420698859965396e+03 1.7884889934271864e+03
6.7000000000269582e+00 1.7447623138974109e+03 1.7869187997013935e+03
6.8000000000276133e+00 1.7474107720005586e+03 1.7853855109909027e+03
6.9000000000282684e+00 1.7500154001519327e+03 1.7838895277474337e+03
7.0000000000289235e+00 1.7514765345810479e+03 1.7839137745802577e+03
7.1000000000295787e+00 1.7527532415043017e+03 1.7841953735085140e+03
7.2000000000302338e+00 1.7539869163141527e+03 1.7845255017102561e+03
7.3000000000308889e+00 1.7551868660011000e+03 1.7848858264630824e+03
7.4000000000315440e+00 1.7563558798151457e+03 1.7852700073370740e+03
7.5000000000321991e+00 1.7574952762213015e+03 1.7856751039642411e+03
7.6000000000328543e+00 1.7586059818887809e+03 1.7860994475576836e+03
7.7000000000335094e+00 1.7596887277899459e+03 1.7865419122677245e+03
7.8000000000341645e+00 1.7606383836807624e+03 1.7871566251901322e+03
7.9000000000348196e+00 1.7615170649384386e+03 1.7879283943379678e+03
8.0000000000354738e+00 1.7623857078552755e+03 1.7886981856647262e+03
8.1000000000316881e+00 1.7632376116406822e+03 1.7894644930315394e+03
8.2000000000279023e+00 1.7640717413183479e+03 1.7902303922716787e+03
8.3000000000241165e+00 1.7648875281708501e+03 1.7909981754892124e+03
8.4000000000203308e+00 1.7656847017800610e+03 1.7917692550895158e+03
8.5000000000165450e+00 1.7664550367642680e+03 1.7925604651492104e+03
8.6000000000127592e+00 1.7672128886018252e+03 1.7933454817105116e+03
8.7000000000089734e+00 1.7679580566962536e+03 1.7941327738904199e+03
8.8000000000051877e+00 1.7686840633643330e+03 1.7949300239794998e+03
8.9000000000014019e+00 1.7693900590695478e+03 1.7957376109872273e+03
8.9999999999976161e+00 1.7700766495977059e+03 1.7965540904483189e+03
9.0999999999938304e+00 1.7707445488497804e+03 1.7973781226196579e+03
9.1999999999900446e+00 1.7713943918561872e+03 1.7982086814124607e+03
9.2999999999862588e+00 1.7720266656305173e+03 1.7990449891481833e+03
9.3999999999824730e+00 1.7726418155393494e+03 1.7998864810995378e+03
9.4999999999786873e+00 1.7732402509612821e+03 1.8007327193312972e+03
9.5999999999749015e+00 1.7738223198511341e+03 1.8015833299695148e+03
9.6999999999711157e+00 1.7743883779066728e+03 1.8024379598944824e+03
9.7999999999673300e+00 1.7749387964736600e+03 1.8032963520787359e+03
9.8999999999635442e+00 1.7754738684212682e+03 1.8041582111711386e+03
9.9999999999597584e+00 1.7759939119718811e+03 1.8050232744805787e+03
