0.0000000000000000e+00 1.2719563470753000e+01 8.8123720725322361e+00
1.0000000000000928e-01 9.7555823088447346e+02 1.4320170115567298e+03
1.9999999999998785e-01 1.0967300524704585e+03 1.7048688304444079e+03
3.0000000000001847e-01 1.4243272709788348e+03 1.9858599438250060e+03
4.0000000000011848e-01 1.3057354306014099e+03 2.2220035755158437e+03
5.0000000000021849e-01 1.0133072700082089e+03 2.2823878690293427e+03
6.0000000000031850e-01 1.8597131813539374e+03 2.6745109599567936e+03
7.0000000000041851e-01 2.5983273030736245e+03 2.8058495392845866e+03
8.0000000000051852e-01 2.0277702323459284e+03 2.6637320064190626e+03
9.0000000000061853e-01 1.3196424289589227e+03 3.6170105510738517e+03
1.0000000000007185e+00 1.7217920955554368e+03 3.5446416563276566e+03
1.1000000000002634e+00 2.5804524846744043e+03 2.8476659978277885e+03
1.1999999999998083e+00 2.8311239256527078e+03 2.5210873150682060e+03
1.2999999999993532e+00 3.0278635926641259e+03 2.3513270072497403e+03
1.3999999999988981e+00 3.1495531323697237e+03 2.4108457177933624e+03
1.4999999999984430e+00 3.2618609327043669e+03 2.4971218494464956e+03
1.5999999999979879e+00 3.3746379343248245e+03 2.5863414661147804e+03
1.6999999999975328e+00 3.4881698108566061e+03 2.6794977941785737e+03
1.7999999999970777e+00 3.6024965578388851e+03 2.7724837681626404e+03
1.8999999999966226e+00 3.7172590765748541e+03 2.8705341120264889e+03
1.9999999999961675e+00 3.8366739702623113e+03 2.9685540168175539e+03
2.0999999999968226e+00 3.9582502560513194e+03 3.0671331440987769e+03
2.1999999999974778e+00 4.0839890600011659e+03 3.1680769242812521e+03
2.2999999999981329e+00 4.2123036504698139e+03 3.2699189497752300e+03
2.3999999999987880e+00 4.3440927796901806e+03 3.3749159266404808e+03
2.4999999999994431e+00 4.4796376415018858e+03 3.4817060094882149e+03
2.6000000000000982e+00 4.6186270686690623e+03 3.5909818675915230e+03
2.7000000000007534e+00 4.7609863479217693e+03 3.7029688023828189e+03
2.8000000000014085e+00 4.9056381746509387e+03 3.8219547667606471e+03
2.9000000000020636e+00 5.0558957590256850e+03 3.9321694822689333e+03
3.0000000000027187e+00 5.2023465427386309e+03 4.0661609788192991e+03
3.1000000000033738e+00 5.3505147392782046e+03 4.1964555717873109e+03
3.2000000000040290e+00 5.4982609553454076e+03 4.3367608385469921e+03
3.3000000000046841e+00 5.6457826396407927e+03 4.4823669015945597e+03
3.4000000000053392e+00 5.7830703002337523e+03 4.6540209094639149e+03
3.5000000000059943e+00 5.9224091411302143e+03 4.8134670727676812e+03
3.6000000000066494e+00 6.0821117190950208e+03 4.9419839756680221e+03
3.7000000000073046e+00 6.2281504915284731e+03 5.1010867606357087e+03
3.8000000000079597e+00 6.3323244524656411e+03 5.3375708872014147e+03
3.9000000000086148e+00 6.4752577481865446e+03 5.4987289243029691e+03
4.0000000000092699e+00 6.5929338377449376e+03 5.7176881708855972e+03
4.1000000000099250e+00 6.7250956127898107e+03 5.9087852023402538e+03
4.2000000000105802e+00 6.8610404409735074e+03 6.0876724607776305e+03
4.3000000000112353e+00 6.9994715490639246e+03 6.2597899399527305e+03
4.4000000000118904e+00 7.1403119183898307e+03 6.4270035724727695e+03
4.5000000000125455e+00 7.2843000554122682e+03 6.5896325724337548e+03
4.6000000000132006e+00 7.4315465903544737e+03 6.7490285637701199e+03
4.7000000000138558e+00 7.5797934685819728e+03 6.9095464565515977e+03
4.8000000000145109e+00 7.7268944720346290e+03 7.0740033781727507e+03
4.9000000000151660e+00 7.8737551018641370e+03 7.2395186729666921e+03
5.0000000000158211e+00 8.0208965125923860e+03 7.4055541532015413e+03
5.1000000000164762e+00 1.7858643180708887e+03 1.6398824863696950e+03
5.2000000000171314e+00 1.7401596397914425e+03 1.7276079424092602e+03
5.3000000000177865e+00 1.7243478663059514e+03 1.7648060081289823e+03
5.4000000000184416e+00 1.7180883189793365e+03 1.7834606945775131e+03
5.5000000000190967e+00 1.7161593951570703e+03 1.7930499848369602e+03
5.6000000000197518e+00 1.7165072791382499e+03 1.7975893655872737e+03
5.7000000000204070e+00 1.7180023840636136e+03 1.7994279971809215e+03
5.8000000000210621e+00 1.7201152564521890e+03 1.7997576629068631e+03
5.9000000000217172e+00 1.7225599681154774e+03 1.7992401317790727e+03
6.0000000000223723e+00 1.7252410896015590e+03 1.7981321612073234e+03
6.1000000000230274e+00 1.7280369225580191e+03 1.7966676343233121e+03
6.2000000000236826e+00 1.7308894661602303e+03 1.7950524976214222e+03
6.3000000000243377e+00 1.7337372092260603e+03 1.7933909154276466e+03
6.4000000000249928e+00 1.7365549787861016e+03 1.7917314424451627e+03
6.5000000000256479e+00 1.7393336870420380e+03 1.7900945223787726e+03
6.6000000000263030e+00 1.7420698848570435e+03 1.7884890297415745e+03
6.7000000000269582e+00 1.7447623355695775e+03 1.7869188556057388e+03
6.8000000000276133e+00 1.7474107674829525e+03 1.7853855655830646e+03
6.9000000000282684e+00 1.7500153946997452e+03 1.7838896000895325e+03
7.0000000000289235e+00 1.7514765272888840e+03 1.7839138489376364e+03
7.1000000000295787e+00 1.7527532433529261e+03 1.7841954727925190e+03
7.2000000000302338e+00 1.7539869088041180e+03 1.7845256112671448e+03
7.3000000000308889e+00 1.7551868681816625e+03 1.7848859562155012e+03
7.4000000000315440e+00 1.7563558860493040e+03 1.7852701593001450e+03
7.5000000000321991e+00 1.7574952948234541e+03 1.7856752747690400e+03
7.6000000000328543e+00 1.7586059961678250e+03 1.7860996203989962e+03
7.7000000000335094e+00 1.7596887226175818e+03 1.7865420797937154e+03
7.8000000000341645e+00 1.7606383799645955e+03 1.7871568142158617e+03
7.9000000000348196e+00 1.7615170610197181e+03 1.7879286066946936e+03
8.0000000000354738e+00 1.7623856973581385e+03 1.7886983970120129e+03
8.1000000000316881e+00 1.7632375870991548e+03 1.7894647103246730e+03
8.2000000000279023e+00 1.7640717106226293e+03 1.7902306256632403e+03
8.3000000000241165e+00 1.7648874844424031e+03 1.7909984049104817e+03
8.4000000000203308e+00 1.7656846620666297e+03 1.7917694835264863e+03
8.5000000000165450e+00 1.7664549862135127e+03 1.7925607102265019e+03
8.6000000000127592e+00 1.7672128203638090e+03 1.7933457392022945e+03
8.7000000000089734e+00 1.7679579766937552e+03 1.7941330336065903e+03
8.8000000000051877e+00 1.7686839604749284e+03 1.7949302776812094e+03
8.9000000000014019e+00 1.7693899431265604e+03 1.7957378646765137e+03
8.9999999999976161e+00 1.7700765278961046e+03 1.7965543704497395e+03
9.0999999999938304e+00 1.7707444336855151e+03 1.7973784253179465e+03
9.1999999999900446e+00 1.7713942640148794e+03 1.7982089907967729e+03
9.2999999999862588e+00 1.7720265316623995e+03 1.7990453063315115e+03
9.3999999999824730e+00 1.7726416795610003e+03 1.7998868125312190e+03
9.4999999999786873e+00 1.7732401016732756e+03 1.8007330605454647e+03
9.5999999999749015e+00 1.7738221730392743e+03 1.8015836765909630e+03
9.6999999999711157e+00 1.7743882473196361e+03 1.8024383383051204e+03
9.7999999999673300e+00 1.7749386555419380e+03 1.8032967366525486e+03
9.8999999999635442e+00 1.7754737270270311e+03 1.8041585964674719e+03
9.9999999999597584e+00 1.7759937844925591e+03 1.8050236709722117e+03
