0.0000000000000000e+00 1.2719563470721033e+01 8.8123720725543766e+00
1.0000000000000928e-01 3.3306892417488616e+03 1.7473686112142252e+03
1.9999999999998785e-01 3.4265292758510132e+03 1.7819914850851819e+03
3.0000000000001847e-01 3.5059822424215845e+03 1.8213243552121451e+03
4.0000000000011848e-01 3.5874757121302055e+03 1.8620810823922329e+03
5.0000000000021849e-01 3.6723184130325599e+03 1.9047867799620535e+03
6.0000000000031850e-01 3.7611237035754352e+03 1.9494140795065878e+03
7.0000000000041851e-01 3.8547804279648362e+03 1.9960196848009700e+03
8.0000000000051852e-01 3.9527579629447678e+03 2.0446631267495222e+03
9.0000000000061853e-01 4.0551048363994228e+03 2.0954035600877537e+03
1.0000000000007185e+00 4.1619174713979655e+03 2.1482613146649037e+03
1.1000000000002634e+00 4.2732885431065442e+03 2.2032617969058883e+03
1.1999999999998083e+00 4.3892820383151975e+03 2.2604994346014691e+03
1.2999999999993532e+00 4.5099926360944819e+03 2.3200845037314734e+03
1.3999999999988981e+00 4.6370976785437952e+03 2.3832090407553133e+03
1.4999999999984430e+00 4.7721862835457005e+03 2.4513834179422347e+03
1.5999999999979879e+00 4.9149007569366950e+03 2.5220616368612364e+03
1.6999999999975328e+00 5.0635464738577102e+03 2.5942246926845964e+03
1.7999999999970777e+00 5.2177790644792140e+03 2.6687243648778554e+03
1.8999999999966226e+00 5.3763374312887181e+03 2.7523385562928270e+03
1.9999999999961675e+00 5.5425433181449262e+03 2.8341176210025556e+03
2.0999999999968226e+00 5.7173504582958922e+03 2.9148508629828216e+03
2.1999999999974778e+00 5.8972287696428257e+03 3.0057842270465517e+03
2.2999999999981329e+00 6.0840837943036886e+03 3.1001047938575052e+03
2.3999999999987880e+00 6.2788233949384239e+03 3.1940194604633057e+03
2.4999999999994431e+00 6.4801222670707211e+03 3.2908333725308621e+03
2.6000000000000982e+00 6.6901873133593690e+03 3.3854294462901671e+03
2.7000000000007534e+00 6.9163380663721464e+03 3.4591323826899970e+03
2.8000000000014085e+00 7.1484608414735794e+03 3.5377857389730580e+03
2.9000000000020636e+00 7.3766016538526292e+03 3.6280512114744392e+03
3.0000000000027187e+00 7.6096139884592631e+03 3.7220741346195446e+03
3.1000000000033738e+00 7.8447737487517006e+03 3.8207463884763324e+03
3.2000000000040290e+00 8.0827018316696413e+03 3.9222445039344279e+03
3.3000000000046841e+00 8.3239882689770548e+03 4.0250661153570336e+03
3.4000000000053392e+00 8.5689015897795434e+03 4.1305577462735091e+03
3.5000000000059943e+00 8.8167682159065516e+03 4.2342745683926250e+03
3.6000000000066494e+00 9.0662510720698065e+03 4.3437662223494690e+03
3.7000000000073046e+00 9.3196475984922145e+03 4.4581624283196070e+03
3.8000000000079597e+00 9.5732945128665506e+03 4.5751014448999522e+03
3.9000000000086148e+00 9.8354928783612049e+03 4.6652395738353625e+03
4.0000000000092699e+00 1.0096898929231022e+04 4.7836573487361966e+03
4.1000000000099250e+00 1.0362439883327525e+04 4.8982932616566968e+03
4.2000000000105802e+00 1.0631318855073070e+04 5.0149414064101375e+03
4.3000000000112353e+00 1.0904367211403889e+04 5.1319626750487560e+03
4.4000000000118904e+00 1.1181913094422076e+04 5.2500386038683982e+03
4.5000000000125455e+00 1.1464007234025181e+04 5.3700455098439161e+03
4.6000000000132006e+00 1.1751043100595143e+04 5.4925805053702052e+03
4.7000000000138558e+00 1.2043685198594387e+04 5.6177798013643142e+03
4.8000000000145109e+00 1.2342207518579260e+04 5.7395546114129229e+03
4.9000000000151660e+00 1.2642978457983405e+04 5.8601066667665973e+03
5.0000000000158211e+00 1.2944641158538117e+04 5.9815254937620275e+03
5.1000000000164762e+00 3.8980474247148618e+03 6.1940245014750517e+03
5.2000000000171314e+00 3.9125929418059222e+03 6.2140282958831158e+03
5.3000000000177865e+00 3.9220932001209399e+03 6.2293771984462746e+03
5.4000000000184416e+00 3.9273113207866472e+03 6.2383717550618130e+03
5.5000000000190967e+00 3.9301024930936037e+03 6.2434866794908703e+03
5.6000000000197518e+00 3.9314684501973197e+03 6.2462052209697758e+03
5.7000000000204070e+00 3.9320302233871648e+03 6.2474220878143642e+03
5.8000000000210621e+00 3.9323564867656746e+03 6.2482286951803117e+03
5.9000000000217172e+00 3.9325302041195969e+03 6.2488197251446163e+03
6.0000000000223723e+00 3.9326277276273613e+03 6.2492733158803585e+03
6.1000000000230274e+00 3.9326808729236882e+03 6.2496446506719667e+03
6.2000000000236826e+00 3.9327077881865480e+03 6.2499660943659974e+03
6.3000000000243377e+00 3.9327188124203494e+03 6.2502552390218816e+03
6.4000000000249928e+00 3.9327198270893905e+03 6.2505221290049740e+03
6.5000000000256479e+00 3.9327141734195247e+03 6.2507725257029242e+03
6.6000000000263030e+00 3.9327037942999586e+03 6.2510098176865604e+03
6.7000000000269582e+00 3.9326898045826078e+03 6.2512359919727496e+03
6.8000000000276133e+00 3.9326728624947568e+03 6.2514522564907229e+03
6.9000000000282684e+00 3.9326533793213903e+03 6.2516593987718998e+03
7.0000000000289235e+00 3.9326316286384890e+03 6.2518579706050132e+03
7.1000000000295787e+00 3.9325926370129173e+03 6.2519989539833905e+03
7.2000000000302338e+00 3.9325331145494411e+03 6.2520713247937647e+03
7.3000000000308889e+00 3.9324721568184773e+03 6.2521373910845923e+03
7.4000000000315440e+00 3.9325025476152214e+03 6.2523744528926964e+03
7.5000000000321991e+00 3.9325685735168558e+03 6.2526772325427928e+03
7.6000000000328543e+00 3.9326292092958156e+03 6.2529671495968178e+03
7.7000000000335094e+00 3.9327053903099218e+03 6.2532977910828313e+03
7.8000000000341645e+00 3.9327919301384541e+03 6.2536551321573543e+03
7.9000000000348196e+00 3.9328736348668172e+03 6.2539998244728076e+03
8.0000000000354738e+00 3.9329507638806735e+03 6.2543323570029816e+03
8.1000000000316881e+00 3.9330235090297483e+03 6.2546531316086312e+03
8.2000000000279023e+00 3.9330920191015243e+03 6.2549624721702612e+03
8.3000000000241165e+00 3.9331564220925379e+03 6.2552606694027609e+03
8.4000000000203308e+00 3.9332168538378492e+03 6.2555480281887176e+03
8.5000000000165450e+00 3.9332734120672426e+03 6.2558247918177285e+03
8.6000000000127592e+00 3.9333262084825401e+03 6.2560912275283335e+03
8.7000000000089734e+00 3.9333754309705896e+03 6.2563477856892778e+03
8.8000000000051877e+00 3.9334214677461728e+03 6.2565953615891576e+03
8.9000000000014019e+00 3.9334644053972288e+03 6.2568342050214833e+03
8.9999999999976161e+00 3.9335043501755049e+03 6.2570647969319662e+03
9.0999999999938304e+00 3.9338521791778462e+03 6.2577490249848106e+03
9.1999999999900446e+00 3.9344329386519862e+03 6.2587860924974266e+03
9.2999999999862588e+00 3.9350067096543635e+03 6.2598107234480312e+03
9.3999999999824730e+00 3.9355709469792218e+03 6.2608225397338138e+03
9.4999999999786873e+00 3.9361238461389062e+03 6.2618142829773969e+03
9.5999999999749015e+00 3.9366655448615784e+03 6.2627860718542397e+03
9.6999999999711157e+00 3.9371962181924787e+03 6.2637381321846960e+03
9.7999999999673300e+00 3.9377160540941886e+03 6.2646707563705259e+03
9.8999999999635442e+00 3.9382252282300956e+03 6.2655842477546339e+03
9.9999999999597584e+00 3.9387239310510063e+03 6.2664789414317620e+03
