0.0000000000000000e+00 3.7000624490525399e-11 2.5634785863690180e-11
1.0000000000000928e-01 2.2632151429297696e+03 3.3179420468184571e+03
1.9999999999998785e-01 2.3540404750747371e+03 3.3836714922877841e+03
3.0000000000001847e-01 2.4036494321149576e+03 3.5189459580974312e+03
4.0000000000011848e-01 2.5012054400453467e+03 3.6276601657058959e+03
5.0000000000021849e-01 2.6139914307346144e+03 3.7180095194678674e+03
6.0000000000031850e-01 2.7190191470760601e+03 3.8220114643063785e+03
7.0000000000041851e-01 2.8420132943208846e+03 3.9079019718074501e+03
8.0000000000051852e-01 2.9359597337588466e+03 4.0188538454228797e+03
9.0000000000061853e-01 3.0496796246012564e+03 4.1103669527275888e+03
1.0000000000007185e+00 3.1444710673861091e+03 4.2172783306805231e+03
1.1000000000002634e+00 3.2471854258215872e+03 4.3166680233459929e+03
1.1999999999998083e+00 3.3295085926380161e+03 4.4369423068811448e+03
1.2999999999993532e+00 3.4264277079294297e+03 4.5470810925354408e+03
1.3999999999988981e+00 3.5155003125960534e+03 4.6634700856850377e+03
1.4999999999984430e+00 3.6050031012525833e+03 4.7799181515415630e+03
1.5999999999979879e+00 3.7050829344468780e+03 4.8830984808247777e+03
1.6999999999975328e+00 3.8013923592783763e+03 4.9812878985398083e+03
1.7999999999970777e+00 3.8803413137473103e+03 5.0893270778522919e+03
1.8999999999966226e+00 3.9516769750366593e+03 5.2109900831931118e+03
1.9999999999961675e+00 4.0234339455028421e+03 5.3372636621673028e+03
2.0999999999968226e+00 4.0956796252119830e+03 5.4634355840213157e+03
2.1999999999974778e+00 4.1740403792591997e+03 5.5844984827578101e+03
2.2999999999981329e+00 4.2542165848413615e+03 5.7045273858616729e+03
2.3999999999987880e+00 4.3348191251192293e+03 5.8249467123748209e+03
2.4999999999994431e+00 4.4306094176394536e+03 5.9286418518822993e+03
2.6000000000000982e+00 4.5008202400337295e+03 6.0596157163548369e+03
2.7000000000007534e+00 4.5897887472121838e+03 6.1684912733813489e+03
2.8000000000014085e+00 4.6579217039338937e+03 6.2955728827552393e+03
2.9000000000020636e+00 4.7320838363995299e+03 6.4320165884296521e+03
3.0000000000027187e+00 4.8241163297354979e+03 6.5462742472612108e+03
3.1000000000033738e+00 4.8997939713855121e+03 6.6761356366017399e+03
3.2000000000040290e+00 4.9889194661456586e+03 6.7916780825075557e+03
3.3000000000046841e+00 5.0748342167517440e+03 6.9066514142911492e+03
3.4000000000053392e+00 5.1572254333219289e+03 7.0225535951643596e+03
3.5000000000059943e+00 5.2360149344458659e+03 7.1390075926989839e+03
3.6000000000066494e+00 5.2972244656088942e+03 7.2727510214080203e+03
3.7000000000073046e+00 5.3770015822669584e+03 7.3954557747994377e+03
3.8000000000079597e+00 5.4654543491359700e+03 7.5092952024198303e+03
3.9000000000086148e+00 5.5275465333125858e+03 7.6456457042850543e+03
4.0000000000092699e+00 5.6332975060980325e+03 7.7405015910363327e+03
4.1000000000099250e+00 5.7071337743509157e+03 7.8605824624516117e+03
4.2000000000105802e+00 5.7811329622811827e+03 7.9814423184893221e+03
4.3000000000112353e+00 5.8549551806669306e+03 8.1018069137119583e+03
4.4000000000118904e+00 5.9273453197301196e+03 8.2238705494464430e+03
4.5000000000125455e+00 6.0000762146667748e+03 8.3463254283268107e+03
4.6000000000132006e+00 6.0738298202804463e+03 8.4686073333271070e+03
4.7000000000138558e+00 6.1483775173793028e+03 8.5909996929584831e+03
4.8000000000145109e+00 6.2239024983840509e+03 8.7134189745459971e+03
4.9000000000151660e+00 6.2993952556379454e+03 8.8369221492495490e+03
5.0000000000158211e+00 6.3747570311749323e+03 8.9614564393424116e+03
5.1000000000164762e+00 6.4519606236436939e+03 9.0859895668827976e+03
5.2000000000171314e+00 6.5306361946615452e+03 9.2106698646886234e+03
5.3000000000177865e+00 6.6096313639329501e+03 9.3361870696387759e+03
5.4000000000184416e+00 6.6892404212408910e+03 9.4635653064037269e+03
5.5000000000190967e+00 6.7667023888152171e+03 9.5945853701536107e+03
5.6000000000197518e+00 6.8480291534684948e+03 9.7234007491581287e+03
5.7000000000204070e+00 6.9347717901310452e+03 9.8504519015880396e+03
5.8000000000210621e+00 7.0216067826760318e+03 9.9793402666607908e+03
5.9000000000217172e+00 7.1095698459484129e+03 1.0108833935775758e+04
6.0000000000223723e+00 7.1959844501865991e+03 1.0240848718405490e+04
6.1000000000230274e+00 7.2830712824419052e+03 1.0373999296243795e+04
6.2000000000236826e+00 7.3719568559954541e+03 1.0507747580971225e+04
6.3000000000243377e+00 7.4621703787790775e+03 1.0642494880710838e+04
6.4000000000249928e+00 7.5564167649803403e+03 1.0775808280200961e+04
6.5000000000256479e+00 7.6513636197323458e+03 1.0910705364606489e+04
6.6000000000263030e+00 7.7457145681841193e+03 1.1048688439577712e+04
6.7000000000269582e+00 7.8405771154234726e+03 1.1187105108190837e+04
6.8000000000276133e+00 7.9360846559403099e+03 1.1325887618003342e+04
6.9000000000282684e+00 8.0328051046877317e+03 1.1465010819392670e+04
7.0000000000289235e+00 8.1306490806233514e+03 1.1604786434110645e+04
7.1000000000295787e+00 8.2297237325227343e+03 1.1745232015048201e+04
7.2000000000302338e+00 8.3307717607214145e+03 1.1885761082715375e+04
7.3000000000308889e+00 8.4333129843940314e+03 1.2026893742473929e+04
7.4000000000315440e+00 8.5385071840783457e+03 1.2167780701319736e+04
7.5000000000321991e+00 8.6454153420741040e+03 1.2308938551971243e+04
7.6000000000328543e+00 8.7535788201937867e+03 1.2450502809324791e+04
7.7000000000335094e+00 8.8632703601136654e+03 1.2592397239574222e+04
7.8000000000341645e+00 8.9755216769100844e+03 1.2735444880425042e+04
7.9000000000348196e+00 9.0910938736591561e+03 1.2878524134577976e+04
8.0000000000354738e+00 9.2092281128911836e+03 1.3021766311123560e+04
8.1000000000316881e+00 9.3300360868011194e+03 1.3165555956926513e+04
8.2000000000279023e+00 9.4536386613388604e+03 1.3310048724397990e+04
8.3000000000241165e+00 9.5799190348857337e+03 1.3455467850044352e+04
8.4000000000203308e+00 9.7087565057544816e+03 1.3601929352369214e+04
8.5000000000165450e+00 9.8411587202703813e+03 1.3749410902713100e+04
8.6000000000127592e+00 9.9759109650630453e+03 1.3897642322602662e+04
8.7000000000089734e+00 1.0113588980938608e+04 1.4046999575758855e+04
8.8000000000051877e+00 1.0253707437642755e+04 1.4198232761197412e+04
8.9000000000014019e+00 1.0396447506525838e+04 1.4351100311813059e+04
8.9999999999976161e+00 1.0541726110109674e+04 1.4504955008536021e+04
9.0999999999938304e+00 1.0688973256138792e+04 1.4659905881271081e+04
9.1999999999900446e+00 1.0825601900949590e+04 1.4828351024696112e+04
9.2999999999862588e+00 1.0930788320015916e+04 1.5023128032029439e+04
9.3999999999824730e+00 1.1061924287800271e+04 1.5193188560393157e+04
9.4999999999786873e+00 1.1204170701392102e+04 1.5354014854489555e+04
9.5999999999749015e+00 1.1350628992803984e+04 1.5512584640447076e+04
9.6999999999711157e+00 1.1498342148899286e+04 1.5671274497061024e+04
9.7999999999673300e+00 1.1646459531867453e+04 1.5830574101292288e+04
9.8999999999635442e+00 1.1793114918956322e+04 1.5991579680660469e+04
9.9999999999597584e+00 1.1940595496435173e+04 1.6152770564065277e+04
