0.0000000000000000e+00 6.8694950467740701e-11 3.3019360874970561e-12
1.0000000000000928e-01 3.2723413894818464e+03 2.3185202969242264e+03
1.9999999999998785e-01 3.3596695137610118e+03 2.7595015173675984e+03
3.0000000000001847e-01 3.3625772424497377e+03 3.0577967552515015e+03
4.0000000000011848e-01 3.2137568114972078e+03 3.4910110529330977e+03
5.0000000000021849e-01 3.5697420312000581e+03 3.1404445228860691e+03
6.0000000000031850e-01 3.6735554767538079e+03 3.1167398668314877e+03
7.0000000000041851e-01 3.6356432883673206e+03 3.3511674793673083e+03
8.0000000000051852e-01 3.7015865923498036e+03 3.4001431953846886e+03
9.0000000000061853e-01 3.7499188602057588e+03 3.4741964736114728e+03
1.0000000000007185e+00 3.8016985584516060e+03 3.5439339585899761e+03
1.1000000000002634e+00 3.7672478056707751e+03 3.7433958839843758e+03
1.1999999999998083e+00 3.5932644543956822e+03 4.0909296454320429e+03
1.2999999999993532e+00 3.5554633896458072e+03 4.2038239403423067e+03
1.3999999999988981e+00 3.5932903591009986e+03 4.2079907662191008e+03
1.4999999999984430e+00 3.6697052289908452e+03 4.1604085615309850e+03
1.5999999999979879e+00 3.8279341595054152e+03 3.9954942214670036e+03
1.6999999999975328e+00 3.8940439433999027e+03 3.9689534525876334e+03
1.7999999999970777e+00 3.9042707662885123e+03 4.0281383313370493e+03
1.8999999999966226e+00 3.9061287721831814e+03 4.0956830273477558e+03
1.9999999999961675e+00 3.9201492257820132e+03 4.1484354074063558e+03
2.0999999999968226e+00 3.9418422903444325e+03 4.1939417321152278e+03
2.1999999999974778e+00 3.9392369213117072e+03 4.2698561992404611e+03
2.2999999999981329e+00 3.9238728578571809e+03 4.3564222585466568e+03
2.3999999999987880e+00 3.9068621644731816e+03 4.4395602733731885e+03
2.4999999999994431e+00 3.8976481267006911e+03 4.5097839253331013e+03
2.6000000000000982e+00 3.9058047354482101e+03 4.5560286251101470e+03
2.7000000000007534e+00 3.9171019094311923e+03 4.6014309766688002e+03
2.8000000000014085e+00 3.9056815898893001e+03 4.6750039235331287e+03
2.9000000000020636e+00 3.8959139491530027e+03 4.7453860797026273e+03
3.0000000000027187e+00 3.9267173666058370e+03 4.7683132838475340e+03
3.1000000000033738e+00 3.9587565070972291e+03 4.7927648665206589e+03
3.2000000000040290e+00 4.0095676880658571e+03 4.8016247181476610e+03
3.3000000000046841e+00 4.0698912412941318e+03 4.8069293014291716e+03
3.4000000000053392e+00 4.1389910349882703e+03 4.8098611049038464e+03
3.5000000000059943e+00 4.1671994711709949e+03 4.8810748330698789e+03
3.6000000000066494e+00 4.2193737390908709e+03 4.9295908731537111e+03
3.7000000000073046e+00 4.2766123172014695e+03 4.9790825422776870e+03
3.8000000000079597e+00 4.3220158639754300e+03 5.0444775815907469e+03
3.9000000000086148e+00 4.3740005167222816e+03 5.1010439977238702e+03
4.0000000000092699e+00 4.4333671020933407e+03 5.1526111792307420e+03
4.1000000000099250e+00 4.4418355846956920e+03 5.2713634063680120e+03
4.2000000000105802e+00 4.4771325191022506e+03 5.3502177598100552e+03
4.3000000000112353e+00 4.5088422693162402e+03 5.4338743696413421e+03
4.4000000000118904e+00 4.5465742268370213e+03 5.5097999295461241e+03
4.5000000000125455e+00 4.5852362430178828e+03 5.5845229314937114e+03
4.6000000000132006e+00 4.6244648617358007e+03 5.6579419200399461e+03
4.7000000000138558e+00 4.6619634396214024e+03 5.7332504259651014e+03
4.8000000000145109e+00 4.7014931893933517e+03 5.8063744028783003e+03
4.9000000000151660e+00 4.7417501338839729e+03 5.8795203972564641e+03
5.0000000000158211e+00 4.7826259892922544e+03 5.9527552401488556e+03
5.1000000000164762e+00 4.8245630318598660e+03 6.0255778396875312e+03
5.2000000000171314e+00 4.8663600108862929e+03 6.0989938057956360e+03
5.3000000000177865e+00 4.9071818507538419e+03 6.1745010088315948e+03
5.4000000000184416e+00 4.9466359039849704e+03 6.2521934234516466e+03
5.5000000000190967e+00 4.9874148790685922e+03 6.3285943922575916e+03
5.6000000000197518e+00 5.0241664050746504e+03 6.4090347861764049e+03
5.7000000000204070e+00 5.0595306917713642e+03 6.4890751739478519e+03
5.8000000000210621e+00 5.0978604994763828e+03 6.5652110488528861e+03
5.9000000000217172e+00 5.1395498259422457e+03 6.6362464621513354e+03
6.0000000000223723e+00 5.1799628969944988e+03 6.7078984640341732e+03
6.1000000000230274e+00 5.2199248413531222e+03 6.7796502642243795e+03
6.2000000000236826e+00 5.2598569683722726e+03 6.8511640375488723e+03
6.3000000000243377e+00 5.3001053313627435e+03 6.9222176210327661e+03
6.4000000000249928e+00 5.3453366863310612e+03 6.9879733723670897e+03
6.5000000000256479e+00 5.4014488693916182e+03 7.0440507792392009e+03
6.6000000000263030e+00 5.4677241540131236e+03 7.1003812273922813e+03
6.7000000000269582e+00 5.5238129936340038e+03 7.1708693307254707e+03
6.8000000000276133e+00 5.5789814867684545e+03 7.2444859149485246e+03
6.9000000000282684e+00 5.6347805229899004e+03 7.3196953757458905e+03
7.0000000000289235e+00 5.6912135093201105e+03 7.3963423503411877e+03
7.1000000000295787e+00 5.7482588014739404e+03 7.4742176153406626e+03
7.2000000000302338e+00 5.8065414452372052e+03 7.5524435699654841e+03
7.3000000000308889e+00 5.8655044696396399e+03 7.6315797237848774e+03
7.4000000000315440e+00 5.9253150608616761e+03 7.7113964154509376e+03
7.5000000000321991e+00 5.9864739552057272e+03 7.7913937894465907e+03
7.6000000000328543e+00 6.0491173815188013e+03 7.8716828418063860e+03
7.7000000000335094e+00 6.1127701021274370e+03 7.9527775305480754e+03
7.8000000000341645e+00 6.1769073225153097e+03 8.0356719392644745e+03
7.9000000000348196e+00 6.2428251254765846e+03 8.1177526193046479e+03
8.0000000000354738e+00 6.3086659945054034e+03 8.2014772176877723e+03
8.1000000000316881e+00 6.3751690006574181e+03 8.2859086789665671e+03
8.2000000000279023e+00 6.4420425218694636e+03 8.3717421897063359e+03
8.3000000000241165e+00 6.5083105294462130e+03 8.4602114949965635e+03
8.4000000000203308e+00 6.5765529279645634e+03 8.5484570583509940e+03
8.5000000000165450e+00 6.6462801574711439e+03 8.6366194027166985e+03
8.6000000000127592e+00 6.7186437267566653e+03 8.7245604319531521e+03
8.7000000000089734e+00 6.7933465152778126e+03 8.8122766905925037e+03
8.8000000000051877e+00 6.8698223098484659e+03 8.9001643635307173e+03
8.9000000000014019e+00 6.9476923112481536e+03 8.9884845979372494e+03
8.9999999999976161e+00 7.0269606292828084e+03 9.0775175865628935e+03
9.0999999999938304e+00 7.1081242703462422e+03 9.1670999283713136e+03
9.1999999999900446e+00 7.1904055570500732e+03 9.2583176335469216e+03
9.2999999999862588e+00 7.2747271165666780e+03 9.3500994927189513e+03
9.3999999999824730e+00 7.3612225167852494e+03 9.4426650936221467e+03
9.4999999999786873e+00 7.4488733569919314e+03 9.5373237451546538e+03
9.5999999999749015e+00 7.5378492285219745e+03 9.6336629353620428e+03
9.6999999999711157e+00 7.6291207478188371e+03 9.7309999737592443e+03
9.7999999999673300e+00 7.7198787029327968e+03 9.8323627776438971e+03
9.8999999999635442e+00 7.8128562834302029e+03 9.9337499825710420e+03
9.9999999999597584e+00 7.9144875868930339e+03 1.0027518097898645e+04
