0.0000000000000000e+00 3.6725780792394468e-11 2.5444368664438769e-11
1.0000000000000928e-01 2.4943092889411232e+03 3.2373493303672276e+03
1.9999999999998785e-01 2.5326083344285744e+03 3.4404015522664445e+03
3.0000000000001847e-01 2.5929256013874647e+03 3.6283468813409900e+03
4.0000000000011848e-01 2.6451093406255068e+03 3.8167154828984922e+03
5.0000000000021849e-01 2.7084612033828553e+03 3.9668822469068837e+03
6.0000000000031850e-01 2.7753533726388196e+03 4.1111322756504242e+03
7.0000000000041851e-01 2.8290687573162609e+03 4.2586280528575408e+03
8.0000000000051852e-01 2.8861644621373321e+03 4.3913328393889142e+03
9.0000000000061853e-01 2.9353599805059448e+03 4.5208501577005500e+03
1.0000000000007185e+00 2.9893770756398235e+03 4.6360448991022358e+03
1.1000000000002634e+00 3.0366413703695857e+03 4.7479292629717038e+03
1.1999999999998083e+00 3.0916226965604860e+03 4.8464273307177891e+03
1.2999999999993532e+00 3.1411998663006516e+03 4.9518730417449269e+03
1.3999999999988981e+00 3.1914054912989450e+03 5.0517533133791130e+03
1.4999999999984430e+00 3.2388230006082631e+03 5.1505320282137727e+03
1.5999999999979879e+00 3.2776983916557201e+03 5.2495982307193462e+03
1.6999999999975328e+00 3.3121880725766914e+03 5.3414628315503187e+03
1.7999999999970777e+00 3.3531310151588923e+03 5.4201833017771160e+03
1.8999999999966226e+00 3.4021844282333614e+03 5.4947330940360234e+03
1.9999999999961675e+00 3.4531620015436715e+03 5.5700878827044007e+03
2.0999999999968226e+00 3.5036931021721120e+03 5.6493967908831746e+03
2.1999999999974778e+00 3.5524017427124563e+03 5.7322919685269972e+03
2.2999999999981329e+00 3.6050272965609101e+03 5.8130097273942338e+03
2.3999999999987880e+00 3.6555733593837704e+03 5.8954848196697167e+03
2.4999999999994431e+00 3.6991024426273552e+03 5.9807583728648578e+03
2.6000000000000982e+00 3.7516965048819006e+03 6.0592546900597845e+03
2.7000000000007534e+00 3.8001445695158541e+03 6.1391456336480214e+03
2.8000000000014085e+00 3.8553318198682537e+03 6.2124236430861201e+03
2.9000000000020636e+00 3.9074185259525216e+03 6.2989311593875191e+03
3.0000000000027187e+00 3.9544478217138203e+03 6.3860299016031659e+03
3.1000000000033738e+00 4.0091231785805558e+03 6.4670904879181962e+03
3.2000000000040290e+00 4.0573465930830612e+03 6.5522315927752952e+03
3.3000000000046841e+00 4.1064003708296332e+03 6.6340037193143462e+03
3.4000000000053392e+00 4.1551768880919226e+03 6.7140269018496347e+03
3.5000000000059943e+00 4.2046390162250500e+03 6.7922673288815449e+03
3.6000000000066494e+00 4.2599979651785052e+03 6.8668657431566153e+03
3.7000000000073046e+00 4.3116139174701730e+03 6.9499421734561683e+03
3.8000000000079597e+00 4.3500642801495696e+03 7.0409801143213399e+03
3.9000000000086148e+00 4.3986439889390658e+03 7.1226839266825973e+03
4.0000000000092699e+00 4.4480590277359588e+03 7.2030849334006462e+03
4.1000000000099250e+00 4.4969681279807055e+03 7.2819926599925466e+03
4.2000000000105802e+00 4.5470801318258464e+03 7.3613142219777019e+03
4.3000000000112353e+00 4.5983294996531085e+03 7.4403812190050312e+03
4.4000000000118904e+00 4.6497931081138095e+03 7.5205315703417646e+03
4.5000000000125455e+00 4.7020110364956417e+03 7.6017009637379997e+03
4.6000000000132006e+00 4.7551613644925674e+03 7.6836944664223220e+03
4.7000000000138558e+00 4.8090072382342260e+03 7.7665238761009259e+03
4.8000000000145109e+00 4.8639531994551135e+03 7.8499434744498903e+03
4.9000000000151660e+00 4.9188172825638294e+03 7.9348034230235544e+03
5.0000000000158211e+00 4.9746590825478024e+03 8.0205174355933059e+03
5.1000000000164762e+00 5.0316374959786035e+03 8.1072567139323910e+03
5.2000000000171314e+00 5.0891585081368976e+03 8.1951661734746649e+03
5.3000000000177865e+00 5.1470614869023175e+03 8.2842046755858792e+03
5.4000000000184416e+00 5.2088287379487520e+03 8.3725350680679512e+03
5.5000000000190967e+00 5.2658800183039157e+03 8.4656210699401981e+03
5.6000000000197518e+00 5.3249974385661708e+03 8.5601503472097593e+03
5.7000000000204070e+00 5.3879459431124988e+03 8.6543335335707088e+03
5.8000000000210621e+00 5.4508586814996506e+03 8.7501284098961951e+03
5.9000000000217172e+00 5.5150692879125390e+03 8.8464129909278581e+03
6.0000000000223723e+00 5.5794131760587707e+03 8.9438340217748719e+03
6.1000000000230274e+00 5.6448216500378549e+03 9.0424080873772673e+03
6.2000000000236826e+00 5.7115114108916068e+03 9.1420848312840117e+03
6.3000000000243377e+00 5.7791710838000090e+03 9.2430204784851485e+03
6.4000000000249928e+00 5.8492696375451560e+03 9.3441579402201078e+03
6.5000000000256479e+00 5.9197043712569193e+03 9.4468282128718147e+03
6.6000000000263030e+00 5.9907646014487473e+03 9.5509246401946039e+03
6.7000000000269582e+00 6.0609934017235091e+03 9.6567746678959811e+03
6.8000000000276133e+00 6.1323269536159569e+03 9.7630210076177591e+03
6.9000000000282684e+00 6.2043746065592086e+03 9.8701817833031819e+03
7.0000000000289235e+00 6.2772240898372856e+03 9.9783339093440136e+03
7.1000000000295787e+00 6.3510826144229022e+03 1.0087406574661680e+04
7.2000000000302338e+00 6.4253112658296577e+03 1.0197865851948720e+04
7.3000000000308889e+00 6.5004802257605252e+03 1.0309329468779133e+04
7.4000000000315440e+00 6.5768968913585668e+03 1.0421573991753994e+04
7.5000000000321991e+00 6.6539014751388850e+03 1.0534788160608599e+04
7.6000000000328543e+00 6.7312668594952856e+03 1.0648962257105239e+04
7.7000000000335094e+00 6.8092997103282951e+03 1.0764006832125127e+04
7.8000000000341645e+00 6.8892828990865864e+03 1.0879749344886270e+04
7.9000000000348196e+00 6.9704231442480923e+03 1.0997305248085620e+04
8.0000000000354738e+00 7.0527650884918903e+03 1.1115789468357450e+04
8.1000000000316881e+00 7.1363895159403492e+03 1.1235328244165499e+04
8.2000000000279023e+00 7.2212471170330336e+03 1.1356046866797800e+04
8.3000000000241165e+00 7.3071958206193513e+03 1.1478062083042047e+04
8.4000000000203308e+00 7.3940963318532376e+03 1.1601437358557241e+04
8.5000000000165450e+00 7.4826602569176648e+03 1.1726181060412206e+04
8.6000000000127592e+00 7.5717715092650051e+03 1.1852027064650913e+04
8.7000000000089734e+00 7.6619528371323213e+03 1.1979130250524742e+04
8.8000000000051877e+00 7.7531034615862982e+03 1.2107732235737012e+04
8.9000000000014019e+00 7.8459752370100741e+03 1.2237181912594437e+04
8.9999999999976161e+00 7.9384013570703528e+03 1.2368630993652154e+04
9.0999999999938304e+00 8.0314664249879706e+03 1.2500851810373691e+04
9.1999999999900446e+00 8.1136985582291281e+03 1.2642798530161388e+04
9.2999999999862588e+00 8.1606037941797567e+03 1.2806965141236704e+04
9.3999999999824730e+00 8.2325264443283413e+03 1.2950656250641752e+04
9.4999999999786873e+00 8.3140491205656763e+03 1.3086857822226501e+04
9.5999999999749015e+00 8.3983012885529861e+03 1.3221084543459623e+04
9.6999999999711157e+00 8.4824788784101911e+03 1.3355162944788615e+04
9.7999999999673300e+00 8.5659330640359622e+03 1.3489388342751878e+04
9.8999999999635442e+00 8.6467937473130114e+03 1.3624779887941108e+04
9.9999999999597584e+00 8.7280806116247804e+03 1.3759559786511920e+04
