0.0000000000000000e+00 3.1964509173742499e-11 2.2145661571169394e-11
1.0000000000000928e-01 -9.7779933628216999e-14 5.6810575959168029e-13
1.9999999999998785e-01 9.4711374767886671e-15 1.1512180704141068e-13
3.0000000000001847e-01 -2.1136406370443138e-14 4.1938408478564549e-14
4.0000000000011848e-01 3.6897894617627185e+02 6.1230774129488429e+02
5.0000000000021849e-01 4.3500817406484663e+02 6.6238588556751210e+02
6.0000000000031850e-01 5.2345927086059339e+02 8.0636546958082943e+02
7.0000000000041851e-01 5.8203373475690671e+02 8.9923415657862540e+02
8.0000000000051852e-01 6.8460716766898099e+02 1.0279220874453345e+03
9.0000000000061853e-01 7.3813287691796995e+02 1.0865043913119878e+03
1.0000000000007185e+00 8.2107769312281266e+02 1.1720579166727439e+03
1.1000000000002634e+00 9.2714998666827455e+02 1.3663336876712312e+03
1.1999999999998083e+00 1.0472084061777550e+03 1.5130638889959080e+03
1.2999999999993532e+00 1.1464444040359026e+03 1.5577091733932546e+03
1.3999999999988981e+00 1.1763738419479748e+03 1.5926037806333893e+03
1.4999999999984430e+00 1.2009222494257826e+03 1.6436696338193187e+03
1.5999999999979879e+00 1.1913928208696532e+03 1.6917259189799497e+03
1.6999999999975328e+00 1.2023363389681533e+03 1.7969113940893237e+03
1.7999999999970777e+00 1.1390368475593912e+03 1.9333401423322450e+03
1.8999999999966226e+00 1.2051778070595601e+03 2.0477311589229466e+03
1.9999999999961675e+00 1.3397729500034509e+03 2.1704928897288282e+03
2.0999999999968226e+00 1.4383197227004748e+03 2.2566489658895757e+03
2.1999999999974778e+00 1.5047315248789430e+03 2.3257980310680909e+03
2.2999999999981329e+00 1.5925599219988701e+03 2.3683268502001197e+03
2.3999999999987880e+00 1.6922314856665489e+03 2.3599163040439053e+03
2.4999999999994431e+00 1.7678007489286247e+03 2.4535141961281120e+03
2.6000000000000982e+00 1.8170040894014624e+03 2.5196765250255285e+03
2.7000000000007534e+00 1.9232905213087138e+03 2.5268862925126136e+03
2.8000000000014085e+00 2.0529120817073017e+03 2.6269705692715465e+03
2.9000000000020636e+00 1.8167474418376767e+03 3.0886803715919755e+03
3.0000000000027187e+00 1.7218615453607235e+03 3.5439457253057303e+03
3.1000000000033738e+00 1.5981721440152389e+03 3.5672081771826720e+03
3.2000000000040290e+00 1.4448255357806472e+03 3.5916684634899298e+03
3.3000000000046841e+00 1.3874332155481459e+03 3.6024910741119124e+03
3.4000000000053392e+00 1.4620938070365760e+03 3.5962708396536423e+03
3.5000000000059943e+00 1.8217106134540645e+03 3.4783420150728598e+03
3.6000000000066494e+00 2.2147345512416305e+03 3.2366801306066950e+03
3.7000000000073046e+00 2.2986018032697375e+03 3.1223858970393549e+03
3.8000000000079597e+00 2.1404065596195883e+03 3.2961088756173071e+03
3.9000000000086148e+00 2.0018061958132450e+03 3.3783574196722275e+03
4.0000000000092699e+00 1.9344631770915908e+03 3.4475474461316180e+03
4.1000000000099250e+00 1.8461071321320867e+03 3.4939198635132616e+03
4.2000000000105802e+00 1.7812919063079521e+03 3.5230710628430743e+03
4.3000000000112353e+00 1.7458682409748490e+03 3.5374797156222671e+03
4.4000000000118904e+00 1.9935711672807029e+03 3.4135295337500670e+03
4.5000000000125455e+00 2.2547478368360435e+03 3.2140253925994875e+03
4.6000000000132006e+00 2.4417401969619100e+03 3.0219796695322707e+03
4.7000000000138558e+00 2.5500700303618792e+03 2.8908784459747990e+03
4.8000000000145109e+00 2.6122772284356047e+03 2.8109827259565882e+03
4.9000000000151660e+00 2.6145627178022128e+03 2.8172753324088385e+03
5.0000000000158211e+00 2.5877971762010088e+03 2.8649671150111976e+03
5.1000000000164762e+00 2.6039438642866326e+03 2.8543257368886493e+03
5.2000000000171314e+00 2.6595695376660947e+03 2.7892764249586235e+03
5.3000000000177865e+00 2.6776583016554478e+03 2.7864416073358943e+03
5.4000000000184416e+00 2.6827705979476355e+03 2.8133762129327615e+03
5.5000000000190967e+00 2.8011438986155408e+03 2.6919649915058044e+03
5.6000000000197518e+00 2.8376480280556834e+03 2.7321561944668392e+03
5.7000000000204070e+00 2.7763478471982507e+03 2.8946553392424930e+03
5.8000000000210621e+00 2.8502831733076086e+03 2.8239269909368018e+03
5.9000000000217172e+00 2.8626949458493764e+03 2.8504380555824437e+03
6.0000000000223723e+00 2.7346198786625978e+03 3.0864134180945357e+03
6.1000000000230274e+00 2.8009352242842706e+03 3.0375488997650091e+03
6.2000000000236826e+00 2.7162281266153354e+03 3.1942986286777023e+03
6.3000000000243377e+00 2.7500712940610601e+03 3.1849090437498126e+03
6.4000000000249928e+00 2.7296582563175034e+03 3.2411738156526294e+03
6.5000000000256479e+00 2.7307402159624035e+03 3.2713326336854652e+03
6.6000000000263030e+00 2.7859508951810976e+03 3.2354026212734011e+03
6.7000000000269582e+00 2.9193615118654393e+03 3.0892203171620836e+03
6.8000000000276133e+00 2.9040838911356623e+03 3.1568980773257317e+03
6.9000000000282684e+00 2.9456210790808118e+03 3.1483810736838045e+03
7.0000000000289235e+00 2.9332907104701490e+03 3.2271096159667732e+03
7.1000000000295787e+00 2.9218918192261117e+03 3.3047482512348183e+03
7.2000000000302338e+00 2.8804404452209619e+03 3.4115529097010171e+03
7.3000000000308889e+00 2.9050640386653436e+03 3.4108543972054104e+03
7.4000000000315440e+00 3.1604779033249124e+03 3.1510538108102805e+03
7.5000000000321991e+00 3.1422333501536218e+03 3.3244688817336678e+03
7.6000000000328543e+00 3.1409249607313582e+03 3.4261320435051157e+03
7.7000000000335094e+00 3.1302868316324875e+03 3.5023237356434402e+03
7.8000000000341645e+00 3.3330613465842653e+03 3.2760548541286776e+03
7.9000000000348196e+00 3.1675999745585787e+03 3.6448324889446130e+03
8.0000000000354738e+00 3.0435800035074508e+03 3.8713002505566778e+03
8.1000000000316881e+00 3.0896791930312875e+03 3.8596458396281696e+03
8.2000000000279023e+00 3.2078739390280803e+03 3.7616468884066512e+03
8.3000000000241165e+00 3.2092937522768757e+03 3.8423373481238536e+03
8.4000000000203308e+00 3.1672952811721166e+03 3.9648606427176164e+03
8.5000000000165450e+00 2.9801657589658939e+03 3.4813979985507417e+03
8.6000000000127592e+00 2.8870594219154855e+03 4.3029268643308715e+03
8.7000000000089734e+00 3.2950851808217176e+03 3.9355141566478387e+03
8.8000000000051877e+00 3.5338032294163904e+03 3.7049014988317695e+03
8.9000000000014019e+00 3.3098330547154474e+03 4.0486202668650408e+03
8.9999999999976161e+00 3.5492560326521993e+03 3.7796618208272312e+03
9.0999999999938304e+00 3.5449440399184782e+03 3.8880229134485767e+03
9.1999999999900446e+00 3.0852524582262640e+03 4.4710199892356586e+03
9.2999999999862588e+00 3.2007999634804714e+03 4.3905270655089835e+03
9.3999999999824730e+00 3.5618995141110618e+03 4.0706756478825464e+03
9.4999999999786873e+00 3.4179896364235992e+03 4.3264826496855276e+03
9.5999999999749015e+00 3.6041941562169632e+03 4.1337261985275200e+03
9.6999999999711157e+00 3.9211605536704478e+03 3.7238851431339704e+03
9.7999999999673300e+00 3.6545526929563862e+03 4.2421860444010435e+03
9.8999999999635442e+00 3.2243069374799056e+03 4.7483897108310493e+03
9.9999999999597584e+00 3.3641201485814399e+03 4.6546151656102193e+03
1.0099999999955973e+01 3.9657917228164374e+03 4.0326487267894613e+03
1.0199999999952187e+01 3.4373351589866361e+03 4.5268602314369427e+03
1.0299999999948401e+01 3.1695220087267253e+03 4.9971841701465301e+03
1.0399999999944615e+01 4.1031901816398058e+03 4.0356959014632644e+03
1.0499999999940830e+01 3.8681310097668720e+03 4.4816392322131460e+03
1.0599999999937044e+01 3.4990649900365916e+03 4.4124873503519775e+03
1.0699999999933258e+01 4.1069087787861445e+03 4.2327951487977807e+03
1.0799999999929472e+01 4.1195497047032013e+03 4.3427928821582009e+03
1.0899999999925686e+01 3.3270276960322822e+03 5.1573440359265032e+03
1.0999999999921901e+01 4.2512758654156569e+03 4.2460989441981183e+03
1.1099999999918115e+01 3.8589581366182210e+03 4.9056682421214909e+03
1.1199999999914329e+01 3.8221386320629144e+03 4.9699617527517266e+03
1.1299999999910543e+01 4.1758943573621636e+03 4.5938759853308493e+03
1.1399999999906758e+01 4.1375921064033437e+03 4.7050547496710751e+03
1.1499999999902972e+01 4.0582260297788825e+03 4.8896321999783031e+03
1.1599999999899186e+01 3.8935523824291490e+03 4.8883967130235978e+03
1.1699999999895400e+01 3.6674175781522367e+03 4.7989933841891752e+03
1.1799999999891615e+01 3.9666447366577677e+03 5.0300344483717581e+03
1.1899999999887829e+01 3.9318430719323928e+03 4.7294875740759981e+03
1.1999999999884043e+01 4.4787029229540030e+03 4.7113236775739442e+03
1.2099999999880257e+01 4.7208600003920765e+03 4.4452328484475647e+03
1.2199999999876471e+01 4.6854589216610248e+03 4.5943564158613244e+03
1.2299999999872686e+01 4.2598670959608544e+03 5.0693269340541210e+03
1.2399999999868900e+01 4.7987362692506395e+03 4.5708224983897189e+03
1.2499999999865114e+01 4.2742573487427126e+03 5.3524358278107147e+03
1.2599999999861328e+01 4.9109479590648380e+03 4.5487633822615617e+03
1.2699999999857543e+01 4.5489703986680142e+03 5.1560367499972208e+03
1.2799999999853757e+01 4.8029406431662846e+03 4.9102707289360087e+03
1.2899999999849971e+01 4.0912387188091043e+03 5.2864474823439923e+03
1.2999999999846185e+01 4.7815837759729220e+03 5.0998401062428202e+03
1.3099999999842399e+01 4.2651013019323673e+03 5.1981682941021309e+03
1.3199999999838614e+01 5.0766442829421067e+03 4.7816807493299302e+03
1.3299999999834828e+01 3.7998321651077631e+03 5.7216983059144241e+03
1.3399999999831042e+01 4.6786279629171559e+03 5.5670055498204638e+03
1.3499999999827256e+01 4.5394121576135767e+03 5.2324645764194074e+03
1.3599999999823471e+01 5.0747999062866475e+03 5.2271994069430230e+03
1.3699999999819685e+01 4.1641568151700722e+03 6.3402647504352517e+03
1.3799999999815899e+01 5.0601611597600267e+03 5.5237156129275363e+03
1.3899999999812113e+01 4.4701253620102561e+03 6.2259250899950966e+03
1.3999999999808328e+01 4.6687590483615541e+03 5.3829967860723882e+03
1.4099999999804542e+01 5.3286859819611136e+03 5.3386126447164852e+03
1.4199999999800756e+01 5.1616319275477736e+03 5.6776277555090410e+03
1.4299999999796970e+01 5.6882313266661822e+03 5.0539939775557677e+03
1.4399999999793184e+01 4.9321862546425345e+03 6.1383359843580456e+03
1.4499999999789399e+01 4.8999496739059150e+03 5.9207946520035521e+03
1.4599999999785613e+01 5.1715308015905548e+03 6.0846387464596173e+03
1.4699999999781827e+01 5.9182922631405745e+03 5.1696790333851686e+03
1.4799999999778041e+01 6.0263885844555571e+03 5.1429397355630772e+03
1.4899999999774256e+01 5.7823233943101677e+03 5.6448891505636957e+03
1.4999999999770470e+01 5.8117631543026982e+03 5.7511554205412258e+03
1.5099999999766684e+01 2.2279214923742775e+03 2.4573346940255396e+03
1.5199999999762898e+01 2.2124817085422337e+03 2.4298803096110387e+03
1.5299999999759113e+01 2.2226453004699752e+03 2.4486838919983957e+03
1.5399999999755327e+01 2.2152730990896648e+03 2.4443617571115706e+03
1.5499999999751541e+01 2.2097014980214731e+03 2.4428479197295069e+03
1.5599999999747755e+01 2.2081589199743089e+03 2.4445331547442815e+03
1.5699999999743969e+01 2.2102709950679564e+03 2.4491386711610071e+03
1.5799999999740184e+01 2.2130906991890042e+03 2.4530792794649501e+03
1.5899999999736398e+01 2.2153211844256607e+03 2.4550314363884663e+03
1.5999999999732612e+01 2.2171785856432716e+03 2.4561641563565272e+03
1.6099999999728826e+01 2.2192325681807138e+03 2.4571062504131451e+03
1.6199999999725041e+01 2.2212000680131550e+03 2.4571371291749460e+03
1.6299999999721255e+01 2.2232302143810971e+03 2.4570852995457608e+03
1.6399999999717469e+01 2.2251865465270648e+03 2.4569852453009353e+03
1.6499999999713683e+01 2.2270956703783950e+03 2.4569793742551637e+03
1.6599999999709897e+01 2.2289243084989448e+03 2.4570119823680493e+03
1.6699999999706112e+01 2.2306412543808538e+03 2.4570326918560554e+03
1.6799999999702326e+01 2.2321569466299193e+03 2.4569299487741546e+03
1.6899999999698540e+01 2.2336110826740442e+03 2.4568322084636479e+03
1.6999999999694754e+01 2.2333475453859919e+03 2.4543540356305739e+03
1.7099999999690969e+01 2.2312746207255655e+03 2.4493951270609823e+03
1.7199999999687183e+01 2.2293495403351626e+03 2.4447922385592237e+03
1.7299999999683397e+01 2.2276505180734625e+03 2.4407256459192145e+03
1.7399999999679611e+01 2.2261242330631430e+03 2.4370741647446371e+03
1.7499999999675826e+01 2.2247524130402571e+03 2.4337966548339959e+03
1.7599999999672040e+01 2.2235136945380877e+03 2.4308510218186825e+03
1.7699999999668254e+01 2.2223925236088744e+03 2.4282216021459058e+03
1.7799999999664468e+01 2.2213780589906705e+03 2.4258726255979245e+03
1.7899999999660682e+01 2.2204621374983735e+03 2.4237762764178719e+03
1.7999999999656897e+01 2.2196316834992826e+03 2.4218998201428044e+03
1.8099999999653111e+01 2.2188756963314850e+03 2.4202145686299955e+03
1.8199999999649325e+01 2.2181813958056277e+03 2.4186869002666276e+03
1.8299999999645539e+01 2.2175376841522539e+03 2.4172885290160102e+03
1.8399999999641754e+01 2.2169359496162892e+03 2.4159942714957497e+03
1.8499999999637968e+01 2.2163707747550056e+03 2.4147862736265893e+03
1.8599999999634182e+01 2.2158378216329011e+03 2.4136521579162309e+03
1.8699999999630396e+01 2.2153338927930895e+03 2.4125836005976562e+03
1.8799999999626611e+01 2.2148565453367528e+03 2.4115747511253667e+03
1.8899999999622825e+01 2.2144037547082989e+03 2.4106208842462784e+03
1.8999999999619039e+01 2.2139737242015453e+03 2.4097179269048934e+03
1.9099999999615253e+01 2.2135678660071676e+03 2.4088684681253376e+03
1.9199999999611467e+01 2.2131879614563923e+03 2.4080768157923535e+03
1.9299999999607682e+01 2.2128261292745119e+03 2.4073252396411763e+03
1.9399999999603896e+01 2.2124876346152432e+03 2.4066212322545102e+03
1.9499999999600110e+01 2.2121784444249679e+03 2.4059768575246267e+03
1.9599999999596324e+01 2.2118854463370367e+03 2.4053682142653111e+03
1.9699999999592539e+01 2.2116088404885886e+03 2.4047950847034504e+03
1.9799999999588753e+01 2.2113500237271051e+03 2.4042542883245246e+03
1.9899999999584967e+01 2.2111094119934451e+03 2.4037535599050357e+03
1.9999999999581181e+01 2.2108877261329262e+03 2.4032966698649520e+03
2.0099999999577395e+01 2.2106839704269028e+03 2.4028810609624438e+03
2.0199999999573610e+01 2.2104968353200438e+03 2.4025029966921365e+03
2.0299999999569824e+01 2.2103250005803893e+03 2.4021591642476928e+03
2.0399999999566038e+01 2.2101672246084695e+03 2.4018467029040385e+03
2.0499999999562252e+01 2.2100226969060495e+03 2.4015634069750672e+03
2.0599999999558467e+01 2.2098906813130689e+03 2.4013075724862874e+03
2.0699999999554681e+01 2.2097701695903052e+03 2.4010766829784116e+03
2.0799999999550895e+01 2.2096602234205116e+03 2.4008686574501312e+03
2.0899999999547109e+01 2.2095600041022162e+03 2.4006816598403461e+03
2.0999999999543324e+01 2.2094687283814756e+03 2.4005139720339030e+03
2.1099999999539538e+01 2.2093856548589206e+03 2.4003640201309413e+03
2.1199999999535752e+01 2.2093101644166231e+03 2.4002303758871503e+03
2.1299999999531966e+01 2.2092416072122087e+03 2.4001116341445313e+03
2.1399999999528180e+01 2.2091794198837670e+03 2.4000065370690568e+03
2.1499999999524395e+01 2.2091236170452430e+03 2.3999148171111465e+03
2.1599999999520609e+01 2.2090739765607132e+03 2.3998362352011977e+03
2.1699999999516823e+01 2.2090301638097189e+03 2.3997701646223472e+03
2.1799999999513037e+01 2.2089926223134180e+03 2.3997171052446351e+03
2.1899999999509252e+01 2.2089604860304080e+03 2.3996756610684502e+03
2.1999999999505466e+01 2.2089334002199926e+03 2.3996449909778962e+03
2.2099999999501680e+01 2.2089109447099027e+03 2.3996241639443297e+03
2.2199999999497894e+01 2.2088926286694850e+03 2.3996121181698672e+03
2.2299999999494108e+01 2.2088780418829660e+03 2.3996079570339302e+03
2.2399999999490323e+01 2.2088668660475200e+03 2.3996109888546803e+03
2.2499999999486537e+01 2.2088587837168193e+03 2.3996205333813109e+03
2.2599999999482751e+01 2.2088536510347931e+03 2.3996362409135832e+03
2.2699999999478965e+01 2.2088513998402054e+03 2.3996579916445767e+03
2.2799999999475180e+01 2.2088518206096151e+03 2.3996853419101626e+03
2.2899999999471394e+01 2.2088547203997887e+03 2.3997178882314201e+03
2.2999999999467608e+01 2.2088599424618151e+03 2.3997552570494718e+03
2.3099999999463822e+01 2.2088673385563952e+03 2.3997970961215460e+03
2.3199999999460037e+01 2.2088767642289777e+03 2.3998430875805088e+03
2.3299999999456251e+01 2.2088880920866968e+03 2.3998929257027371e+03
2.3399999999452465e+01 2.2089011732957333e+03 2.3999463018278461e+03
2.3499999999448679e+01 2.2089158739892428e+03 2.4000029129761715e+03
2.3599999999444893e+01 2.2089320672222998e+03 2.4000624894582452e+03
2.3699999999441108e+01 2.2089496400175999e+03 2.4001247715920890e+03
2.3799999999437322e+01 2.2089684673100855e+03 2.4001895075386378e+03
2.3899999999433536e+01 2.2089884338313523e+03 2.4002564374621020e+03
2.3999999999429750e+01 2.2090094414222176e+03 2.4003253578615791e+03
2.4099999999425965e+01 2.2090314042156024e+03 2.4003960683244286e+03
2.4199999999422179e+01 2.2090542337041788e+03 2.4004683927391775e+03
2.4299999999418393e+01 2.2090778601002075e+03 2.4005421756341034e+03
2.4399999999414607e+01 2.2091022205297518e+03 2.4006172712149842e+03
2.4499999999410822e+01 2.2091272434257107e+03 2.4006935589633081e+03
2.4599999999407036e+01 2.2091528674003243e+03 2.4007709134357433e+03
2.4699999999403250e+01 2.2091790375443247e+03 2.4008492097761255e+03
2.4799999999399464e+01 2.2092056990726919e+03 2.4009283383762299e+03
2.4899999999395678e+01 2.2092328136959777e+03 2.4010081931630721e+03
2.4999999999391893e+01 2.2092604294967978e+03 2.4010889472645217e+03
2.5099999999388107e+01 2.2092885575906957e+03 2.4011705221487582e+03
2.5199999999384321e+01 2.2093170816160286e+03 2.4012527136525418e+03
2.5299999999380535e+01 2.2093459994520254e+03 2.4013355114958590e+03
2.5399999999376750e+01 2.2093753058649545e+03 2.4014188933389923e+03
2.5499999999372964e+01 2.2094049857415216e+03 2.4015028310596240e+03
2.5599999999369178e+01 2.2094350250871880e+03 2.4015872909939671e+03
2.5699999999365392e+01 2.2094653896885693e+03 2.4016722219372323e+03
2.5799999999361606e+01 2.2094960691338256e+03 2.4017575762107335e+03
2.5899999999357821e+01 2.2095270334129264e+03 2.4018433178033979e+03
2.5999999999354035e+01 2.2095582467337622e+03 2.4019293900585808e+03
2.6099999999350249e+01 2.2095896976245458e+03 2.4020157630273407e+03
2.6199999999346463e+01 2.2096213847484205e+03 2.4021024233438179e+03
2.6299999999342678e+01 2.2096532561914305e+03 2.4021892571938720e+03
2.6399999999338892e+01 2.2096852841768537e+03 2.4022762343252925e+03
2.6499999999335106e+01 2.2097174484208003e+03 2.4023633023750681e+03
2.6599999999331320e+01 2.2097497318207911e+03 2.4024504190387897e+03
2.6699999999327535e+01 2.2097821100131105e+03 2.4025375338524223e+03
2.6799999999323749e+01 2.2098145606539692e+03 2.4026246115876620e+03
2.6899999999319963e+01 2.2098470674938180e+03 2.4027116155401309e+03
2.6999999999316177e+01 2.2098796200085744e+03 2.4027985181598283e+03
2.7099999999312391e+01 2.2099122030560397e+03 2.4028853007385701e+03
2.7199999999308606e+01 2.2099447947987478e+03 2.4029719146724351e+03
2.7299999999304820e+01 2.2099773997482403e+03 2.4030583360016508e+03
2.7399999999301034e+01 2.2100099851044047e+03 2.4031445358795090e+03
2.7499999999297248e+01 2.2100425316322649e+03 2.4032305037401816e+03
2.7599999999293463e+01 2.2100750455194107e+03 2.4033162130276282e+03
2.7699999999289677e+01 2.2101075207831186e+03 2.4034016504003716e+03
2.7799999999285891e+01 2.2101399523635423e+03 2.4034868178793918e+03
2.7899999999282105e+01 2.2101723344968200e+03 2.4035717010910935e+03
2.7999999999278320e+01 2.2102502773821961e+03 2.4037204058515813e+03
2.8099999999274534e+01 2.2103457087265647e+03 2.4038938873582010e+03
2.8199999999270748e+01 2.2104409699697389e+03 2.4040671965194633e+03
2.8299999999266962e+01 2.2105359348239440e+03 2.4042401884988881e+03
2.8399999999263176e+01 2.2106307961210618e+03 2.4044129527880714e+03
2.8499999999259391e+01 2.2107255490704183e+03 2.4045855413680238e+03
2.8599999999255605e+01 2.2108201371984005e+03 2.4047578891437397e+03
2.8699999999251819e+01 2.2109145087364391e+03 2.4049299086829237e+03
2.8799999999248033e+01 2.2110086395641124e+03 2.4051015333980881e+03
2.8899999999244248e+01 2.2111024819569652e+03 2.4052726755418166e+03
2.8999999999240462e+01 2.2111960069099250e+03 2.4054432560944806e+03
2.9099999999236676e+01 2.2112891928049908e+03 2.4056132322212547e+03
2.9199999999232890e+01 2.2113820122061929e+03 2.4057825647250934e+03
2.9299999999229104e+01 2.2114744611446263e+03 2.4059512135165487e+03
2.9399999999225319e+01 2.2115665249530675e+03 2.4061191616023757e+03
2.9499999999221533e+01 2.2116581889242248e+03 2.4062863772982987e+03
2.9599999999217747e+01 2.2117494305677019e+03 2.4064528235073099e+03
2.9699999999213961e+01 2.2118402438539210e+03 2.4066184885151183e+03
2.9799999999210176e+01 2.2119306218805441e+03 2.4067833536311377e+03
2.9899999999206390e+01 2.2120205997796329e+03 2.4069475268404622e+03
2.9999999999202604e+01 2.2121101657467411e+03 2.4071110259173211e+03
