0.0000000000000000e+00 3.6828816062999585e-15 2.5515752241489631e-15
1.0000000000000928e-01 4.4630117911229040e-14 3.6009315159709667e-14
1.9999999999998785e-01 2.6397014755322671e-14 4.7726356623371603e-14
3.0000000000001847e-01 2.1085599678740270e-14 3.1123317509858814e-14
4.0000000000011848e-01 2.1670757025581526e+02 2.6956094806957043e+02
5.0000000000021849e-01 2.6644570104038888e+02 3.7916416261360496e+02
6.0000000000031850e-01 3.1455087368070531e+02 4.7792039632679484e+02
7.0000000000041851e-01 3.3820030580962765e+02 5.2704742514512373e+02
8.0000000000051852e-01 3.6974532186692443e+02 5.7438840029746314e+02
9.0000000000061853e-01 3.8735369655939024e+02 5.9871110457786210e+02
1.0000000000007185e+00 4.3836206992069549e+02 6.8064110269060245e+02
1.1000000000002634e+00 5.0482070740224106e+02 7.7875356232297418e+02
1.1999999999998083e+00 5.4568128609748658e+02 8.2620121691895463e+02
1.2999999999993532e+00 5.7393771962332266e+02 8.7185496302212789e+02
1.3999999999988981e+00 6.0816763627284308e+02 9.2088404856274087e+02
1.4999999999984430e+00 6.5317191852521591e+02 9.8158442000334776e+02
1.5999999999979879e+00 6.8176632820530779e+02 1.0336816498606356e+03
1.6999999999975328e+00 7.0887250776090764e+02 1.0836808642277113e+03
1.7999999999970777e+00 7.3638772479315321e+02 1.1333870905323915e+03
1.8999999999966226e+00 7.6409919607134407e+02 1.1824071856708858e+03
1.9999999999961675e+00 7.9295503288163479e+02 1.2121532908015156e+03
2.0999999999968226e+00 8.2077582747783367e+02 1.2326884944627068e+03
2.1999999999974778e+00 8.4829027496247386e+02 1.2709105371927772e+03
2.2999999999981329e+00 8.7510114861809893e+02 1.3101812512802087e+03
2.3999999999987880e+00 9.1069907165951167e+02 1.3804039386658005e+03
2.4999999999994431e+00 9.2544603274600604e+02 1.4226071647480330e+03
2.6000000000000982e+00 9.4196285488595254e+02 1.4712744832394158e+03
2.7000000000007534e+00 9.6079995190439092e+02 1.5239058431570713e+03
2.8000000000014085e+00 9.7928799565481268e+02 1.5684245609405646e+03
2.9000000000020636e+00 1.0170006513449182e+03 1.6417242768311339e+03
3.0000000000027187e+00 1.0223105991050877e+03 1.6942777319391989e+03
3.1000000000033738e+00 1.0762383890793269e+03 1.7660695538706975e+03
3.2000000000040290e+00 1.1153026423418494e+03 1.8270365641743485e+03
3.3000000000046841e+00 1.1404523270011887e+03 1.8888831525489302e+03
3.4000000000053392e+00 1.1731982174817920e+03 1.9324803970089392e+03
3.5000000000059943e+00 1.2074407425941711e+03 1.9612480470682272e+03
3.6000000000066494e+00 1.2445088640723156e+03 1.9905403563884945e+03
3.7000000000073046e+00 1.2965735059255996e+03 2.0219618837344451e+03
3.8000000000079597e+00 1.4024542131933667e+03 2.0806747575067448e+03
3.9000000000086148e+00 1.4172023199444618e+03 2.0919375605161208e+03
4.0000000000092699e+00 1.3924106609179748e+03 2.1327739422239101e+03
4.1000000000099250e+00 1.3946367618471372e+03 2.1426900616224411e+03
4.2000000000105802e+00 1.3849882843355767e+03 2.1544096482007144e+03
4.3000000000112353e+00 1.4238083169571250e+03 2.1861017576764148e+03
4.4000000000118904e+00 1.4901512582369041e+03 2.2206096402303037e+03
4.5000000000125455e+00 1.5904558221014095e+03 2.2277455115307744e+03
4.6000000000132006e+00 1.6373581578174085e+03 2.2560364726596831e+03
4.7000000000138558e+00 1.6522983971613171e+03 2.2231771946307026e+03
4.8000000000145109e+00 1.6565574004982000e+03 2.2596372035016384e+03
4.9000000000151660e+00 1.6195614281600879e+03 2.2719669045811966e+03
5.0000000000158211e+00 1.6574720729152891e+03 2.2464529283823290e+03
5.1000000000164762e+00 1.7045254690528241e+03 2.1756352756419242e+03
5.2000000000171314e+00 1.7918494672952665e+03 2.1552349893431397e+03
5.3000000000177865e+00 1.9892336773475774e+03 2.1487319802537827e+03
5.4000000000184416e+00 2.1323172976509313e+03 2.1430066498824553e+03
5.5000000000190967e+00 2.4129227779715375e+03 2.1432621315326842e+03
5.6000000000197518e+00 2.7187990295986851e+03 2.1551038914105793e+03
5.7000000000204070e+00 2.5685783190622751e+03 2.0170836947658636e+03
5.8000000000210621e+00 2.5375809135434015e+03 1.9083579250541004e+03
5.9000000000217172e+00 2.8499109390446574e+03 1.9146430496263679e+03
6.0000000000223723e+00 3.0329035286008666e+03 1.8003648657906538e+03
6.1000000000230274e+00 3.1457041161590964e+03 1.5671331848547402e+03
6.2000000000236826e+00 3.2067438256244836e+03 1.3028262286727722e+03
6.3000000000243377e+00 3.2098595177722545e+03 1.1804723752557695e+03
6.4000000000249928e+00 3.2182460133011396e+03 1.2737050624250251e+03
6.5000000000256479e+00 3.2141595457584235e+03 1.3022081932645467e+03
6.6000000000263030e+00 3.2004440922770673e+03 1.3756604303419604e+03
6.7000000000269582e+00 3.1145943234691249e+03 1.4059784902169799e+03
6.8000000000276133e+00 3.1910499467607433e+03 1.4487277487967383e+03
6.9000000000282684e+00 3.1646274902210234e+03 1.5713045769905882e+03
7.0000000000289235e+00 3.1757557859650578e+03 1.5479952565114281e+03
7.1000000000295787e+00 3.1038119804445114e+03 1.8120776040738240e+03
7.2000000000302338e+00 3.0121900886738404e+03 2.0849220087335725e+03
7.3000000000308889e+00 3.0402017690571865e+03 2.0300353317406682e+03
7.4000000000315440e+00 2.8428222315761027e+03 2.6025776239267902e+03
7.5000000000321991e+00 2.9176106068937906e+03 2.1697567498585354e+03
7.6000000000328543e+00 3.3724763657409667e+03 1.5289521856083807e+03
7.7000000000335094e+00 2.6952461182819779e+03 3.1671606638812596e+03
7.8000000000341645e+00 2.4880252421314599e+03 3.1095968725829698e+03
7.9000000000348196e+00 3.3851327660200800e+03 2.0890140381277615e+03
8.0000000000354738e+00 3.5104301907149420e+03 1.8185390322590649e+03
8.1000000000316881e+00 3.5428553910694118e+03 1.8662572712931510e+03
8.2000000000279023e+00 2.5962184818284541e+03 3.2497535447170371e+03
8.3000000000241165e+00 2.9398342016089755e+03 2.5370345077414067e+03
8.4000000000203308e+00 3.3374684382753185e+03 2.5280279583848287e+03
8.5000000000165450e+00 3.1814572221628141e+03 3.1883569437962587e+03
8.6000000000127592e+00 2.9833567545763235e+03 2.6491643976369160e+03
8.7000000000089734e+00 3.7586937136121251e+03 2.0931490142103476e+03
8.8000000000051877e+00 3.3953285669512034e+03 3.0656678854772481e+03
8.9000000000014019e+00 3.8631438473191583e+03 2.0319201330951241e+03
8.9999999999976161e+00 2.9577848425396173e+03 3.0449127229916694e+03
9.0999999999938304e+00 2.5169534512635751e+03 3.5252100536986386e+03
9.1999999999900446e+00 3.5961986521484537e+03 3.1786272143967344e+03
9.2999999999862588e+00 3.4344034063613271e+03 2.5298641582208256e+03
9.3999999999824730e+00 4.1758620272071048e+03 1.9877767656562417e+03
9.4999999999786873e+00 3.8891034676955669e+03 2.9755623551778572e+03
9.5999999999749015e+00 4.2565814161946746e+03 2.0902878185373156e+03
9.6999999999711157e+00 4.0855166507463791e+03 2.8003672167690788e+03
9.7999999999673300e+00 4.2133305515996672e+03 2.5958917002467542e+03
9.8999999999635442e+00 3.6537092955714143e+03 3.6728208145694912e+03
9.9999999999597584e+00 3.2743719878156044e+03 2.7647735885906704e+03
1.0099999999955973e+01 4.3162801876018757e+03 2.8122879821169686e+03
1.0199999999952187e+01 3.4137780699437967e+03 4.4399606954618466e+03
1.0299999999948401e+01 4.0116819579902872e+03 3.7300661374429537e+03
1.0399999999944615e+01 4.0990031612395314e+03 3.7137218959518273e+03
1.0499999999940830e+01 3.5650124552363559e+03 3.4361486558563920e+03
1.0599999999937044e+01 3.7556120440123241e+03 4.4637243835882555e+03
1.0699999999933258e+01 3.0995202769161338e+03 3.4030329138237748e+03
1.0799999999929472e+01 4.7359753666177203e+03 2.8721240375099433e+03
1.0899999999925686e+01 4.0710402626610626e+03 4.3577290546612485e+03
1.0999999999921901e+01 4.8889121110013666e+03 2.8358515319644653e+03
1.1099999999918115e+01 5.0253075470550284e+03 2.6825995444823802e+03
1.1199999999914329e+01 4.6207940247770375e+03 3.6986663110202039e+03
1.1299999999910543e+01 4.7045738651286574e+03 3.6004805169788574e+03
1.1399999999906758e+01 4.8352043019817020e+03 3.7523357811187143e+03
1.1499999999902972e+01 4.4816528102907068e+03 4.5740569298519576e+03
1.1599999999899186e+01 4.3772590878573583e+03 4.9203168842293344e+03
1.1699999999895400e+01 5.3756145959701644e+03 3.0767000230552953e+03
1.1799999999891615e+01 5.1110995930861100e+03 3.7876731119183464e+03
1.1899999999887829e+01 5.4447145432269017e+03 3.3186881531843533e+03
1.1999999999884043e+01 5.3405189853752572e+03 3.8095281782113534e+03
1.2099999999880257e+01 5.6099676616651477e+03 3.2691799935616377e+03
1.2199999999876471e+01 5.7382999331433311e+03 3.1577298342837671e+03
1.2299999999872686e+01 5.6300699261073360e+03 3.7356494917666291e+03
1.2399999999868900e+01 5.8068349987856527e+03 3.5029479112657168e+03
1.2499999999865114e+01 5.9254558550852244e+03 3.4147016292400849e+03
1.2599999999861328e+01 6.0436642023810364e+03 3.3467948797500703e+03
1.2699999999857543e+01 5.2657241013877629e+03 4.6875582931230128e+03
1.2799999999853757e+01 6.2705474973339906e+03 3.1102027362875328e+03
1.2899999999849971e+01 5.9104552025968769e+03 4.3997819800521456e+03
1.2999999999846185e+01 6.1966640826522907e+03 3.9196096573703453e+03
1.3099999999842399e+01 6.0447754704123163e+03 4.5619788424387280e+03
1.3199999999838614e+01 6.5071344231395778e+03 3.6315491133753853e+03
1.3299999999834828e+01 6.5853100068971144e+03 3.7546124146490461e+03
1.3399999999831042e+01 6.6243848388549777e+03 4.1308727414139203e+03
1.3499999999827256e+01 6.8714027769658051e+03 3.8954846170682872e+03
1.3599999999823471e+01 6.6201421474474109e+03 4.8730799312012068e+03
1.3699999999819685e+01 6.7238135607618869e+03 4.8918940053566212e+03
1.3799999999815899e+01 7.0466477763520033e+03 4.3342704560107386e+03
1.3899999999812113e+01 7.0917496375873397e+03 4.6674198699510762e+03
1.3999999999808328e+01 7.1511315893918290e+03 4.9608619089447948e+03
1.4099999999804542e+01 7.3329783851821821e+03 4.9179746395016364e+03
1.4199999999800756e+01 7.6819065903176852e+03 4.4136673401316493e+03
1.4299999999796970e+01 7.7199002331006732e+03 4.6367313484873075e+03
1.4399999999793184e+01 7.6635384782652673e+03 5.2425007331665247e+03
1.4499999999789399e+01 7.9340485170497177e+03 4.8683061233049866e+03
1.4599999999785613e+01 7.8979468304157917e+03 5.4223809971682022e+03
1.4699999999781827e+01 7.9851359377441941e+03 5.5296395018585818e+03
1.4799999999778041e+01 8.2717840457670100e+03 5.5260088852161243e+03
1.4899999999774256e+01 8.3047636789901662e+03 6.0197809592393160e+03
1.4999999999770470e+01 8.3319605244728300e+03 6.3032304715958335e+03
1.5099999999766684e+01 1.2636216693695219e+03 3.4643419333309780e+03
1.5199999999762898e+01 1.2662050269104504e+03 3.4714235500472723e+03
1.5299999999759113e+01 1.2667785785683061e+03 3.4729957957513393e+03
1.5399999999755327e+01 1.2670238484374800e+03 3.4736681406021194e+03
1.5499999999751541e+01 1.2670019360873848e+03 3.4736080734492230e+03
1.5599999999747755e+01 1.2670725430535010e+03 3.4738016244548526e+03
1.5699999999743969e+01 1.2672421249997424e+03 3.4742664901724538e+03
1.5799999999740184e+01 1.2673767430893779e+03 3.4746355113821710e+03
1.5899999999736398e+01 1.2674984988769083e+03 3.4749692738669246e+03
1.5999999999732612e+01 1.2675921417401062e+03 3.4752259719295998e+03
1.6099999999728826e+01 1.2677277542218342e+03 3.4755977190136650e+03
1.6199999999725041e+01 1.2678599126823556e+03 3.4759599977787575e+03
1.6299999999721255e+01 1.2679913969139031e+03 3.4763204283166933e+03
1.6399999999717469e+01 1.2681165016775294e+03 3.4766633711678478e+03
1.6499999999713683e+01 1.2682368401165406e+03 3.4769932483538851e+03
1.6599999999709897e+01 1.2683524367216123e+03 3.4773101270096959e+03
1.6699999999706112e+01 1.2684599439877766e+03 3.4776034701737890e+03
1.6799999999702326e+01 1.2685551577696069e+03 3.4778346662574108e+03
1.6899999999698540e+01 1.2686568061270009e+03 3.4780562976186488e+03
1.6999999999694754e+01 1.2686404797741889e+03 3.4780997236888238e+03
1.7099999999690969e+01 1.2685723528934202e+03 3.4779129711931573e+03
1.7199999999687183e+01 1.2685114497427899e+03 3.4777460207141362e+03
1.7299999999683397e+01 1.2684628716376428e+03 3.4776128562087702e+03
1.7399999999679611e+01 1.2684210261991675e+03 3.4774981475946770e+03
1.7499999999675826e+01 1.2683865961532788e+03 3.4774037663910995e+03
1.7599999999672040e+01 1.2683591770554547e+03 3.4773286039163590e+03
1.7699999999668254e+01 1.2683370711153489e+03 3.4772680061105716e+03
1.7799999999664468e+01 1.2683193126319100e+03 3.4772193257502754e+03
1.7899999999660682e+01 1.2683053392817751e+03 3.4771810213690137e+03
1.7999999999656897e+01 1.2682945751422351e+03 3.4771515142214289e+03
1.8099999999653111e+01 1.2682858067345553e+03 3.4771274778645270e+03
1.8199999999649325e+01 1.2682792240099816e+03 3.4771094330012875e+03
1.8299999999645539e+01 1.2682744533417012e+03 3.4770963554289888e+03
1.8399999999641754e+01 1.2682712560813331e+03 3.4770875909538140e+03
1.8499999999637968e+01 1.2682694146136894e+03 3.4770825430391546e+03
1.8599999999634182e+01 1.2682686997638689e+03 3.4770805834604212e+03
1.8699999999630396e+01 1.2682689080215077e+03 3.4770811543456994e+03
1.8799999999626611e+01 1.2682699068846605e+03 3.4770838924746531e+03
1.8899999999622825e+01 1.2682716033991926e+03 3.4770885430372123e+03
1.8999999999619039e+01 1.2682739284961383e+03 3.4770949146780495e+03
1.9099999999615253e+01 1.2682770749526424e+03 3.4771029836252778e+03
1.9199999999611467e+01 1.2682819312153506e+03 3.4771121010035145e+03
1.9299999999607682e+01 1.2682878652428674e+03 3.4771218983641729e+03
1.9399999999603896e+01 1.2682951252348641e+03 3.4771334751897707e+03
1.9499999999600110e+01 1.2683039841557970e+03 3.4771480498279047e+03
1.9599999999596324e+01 1.2683136615671713e+03 3.4771637843394683e+03
1.9699999999592539e+01 1.2683241731418059e+03 3.4771805200344693e+03
1.9799999999588753e+01 1.2683354242183091e+03 3.4771988136716159e+03
1.9899999999584967e+01 1.2683476340140928e+03 3.4772180055739614e+03
1.9999999999581181e+01 1.2683609067851603e+03 3.4772381879531749e+03
2.0099999999577395e+01 1.2683752445129253e+03 3.4772592636279878e+03
2.0199999999573610e+01 1.2683905706451235e+03 3.4772811599838465e+03
2.0299999999569824e+01 1.2684067643074281e+03 3.4773037459374341e+03
2.0399999999566038e+01 1.2684237719246403e+03 3.4773269153975048e+03
2.0499999999562252e+01 1.2684415408063346e+03 3.4773507355333072e+03
2.0599999999558467e+01 1.2684599821317840e+03 3.4773751407142513e+03
2.0699999999554681e+01 1.2684790451686513e+03 3.4774001565510835e+03
2.0799999999550895e+01 1.2684986454141392e+03 3.4774256863050955e+03
2.0899999999547109e+01 1.2685187195430931e+03 3.4774516753270132e+03
2.0999999999543324e+01 1.2685392260176773e+03 3.4774781093037009e+03
2.1099999999539538e+01 1.2685600786632599e+03 3.4775048881632060e+03
2.1199999999535752e+01 1.2685812268000188e+03 3.4775319875078353e+03
2.1299999999531966e+01 1.2686026869013451e+03 3.4775593763346392e+03
2.1399999999528180e+01 1.2686244301329066e+03 3.4775870014791963e+03
2.1499999999524395e+01 1.2686460294016779e+03 3.4776156927072316e+03
2.1599999999520609e+01 1.2686680562430458e+03 3.4776447736046666e+03
2.1699999999516823e+01 1.2686905997843503e+03 3.4776738609708273e+03
2.1799999999513037e+01 1.2687123721231610e+03 3.4777038835022067e+03
2.1899999999509252e+01 1.2687346168171982e+03 3.4777338961748833e+03
2.1999999999505466e+01 1.2687573060321877e+03 3.4777638792672074e+03
2.2099999999501680e+01 1.2687802938770083e+03 3.4777938790165867e+03
2.2199999999497894e+01 1.2688037640857174e+03 3.4778238993431760e+03
2.2299999999494108e+01 1.2688276607183682e+03 3.4778538745008000e+03
2.2399999999490323e+01 1.2688518027614969e+03 3.4778837944602592e+03
2.2499999999486537e+01 1.2688760953714168e+03 3.4779136631509596e+03
2.2599999999482751e+01 1.2689004990681781e+03 3.4779434963042222e+03
2.2699999999478965e+01 1.2689249729203998e+03 3.4779733310021538e+03
2.2799999999475180e+01 1.2689495016356632e+03 3.4780031553663393e+03
2.2899999999471394e+01 1.2689740739893359e+03 3.4780329556929173e+03
2.2999999999467608e+01 1.2689986749017892e+03 3.4780627121787670e+03
2.3099999999463822e+01 1.2690232949790045e+03 3.4780924420168017e+03
2.3199999999460037e+01 1.2690479089665116e+03 3.4781221093067161e+03
2.3299999999456251e+01 1.2690725093330498e+03 3.4781517212815820e+03
2.3399999999452465e+01 1.2690970766536288e+03 3.4781812468466751e+03
2.3499999999448679e+01 1.2691216069152372e+03 3.4782107010152058e+03
2.3599999999444893e+01 1.2691460924231126e+03 3.4782400809378478e+03
2.3699999999441108e+01 1.2691705225825158e+03 3.4782693781117218e+03
2.3799999999437322e+01 1.2691948883440866e+03 3.4782985576256201e+03
2.3899999999433536e+01 1.2692191773091547e+03 3.4783276368322249e+03
2.3999999999429750e+01 1.2692433809158174e+03 3.4783566136115637e+03
2.4099999999425965e+01 1.2692675005705210e+03 3.4783854960134058e+03
2.4199999999422179e+01 1.2692915238782859e+03 3.4784142685125303e+03
2.4299999999418393e+01 1.2693154511117948e+03 3.4784429439140040e+03
2.4399999999414607e+01 1.2693392797412973e+03 3.4784715257884827e+03
2.4499999999410822e+01 1.2693629972850604e+03 3.4784999866771172e+03
2.4599999999407036e+01 1.2693865941568672e+03 3.4785283170577891e+03
2.4699999999403250e+01 1.2694100731839876e+03 3.4785565249261936e+03
2.4799999999399464e+01 1.2694334409225680e+03 3.4785846218692618e+03
2.4899999999395678e+01 1.2694566858428000e+03 3.4786125925497640e+03
2.4999999999391893e+01 1.2694797780227393e+03 3.4786405378807535e+03
2.5099999999388107e+01 1.2695027439092883e+03 3.4786684157323416e+03
2.5199999999384321e+01 1.2695255889636392e+03 3.4786961644397811e+03
2.5299999999380535e+01 1.2695483010828402e+03 3.4787237701936929e+03
2.5399999999376750e+01 1.2695708944905793e+03 3.4787512513974834e+03
2.5499999999372964e+01 1.2695933610807715e+03 3.4787786012325105e+03
2.5599999999369178e+01 1.2696157094936871e+03 3.4788058307747301e+03
2.5699999999365392e+01 1.2696379410836676e+03 3.4788329532442422e+03
2.5799999999361606e+01 1.2696600531065512e+03 3.4788599621587691e+03
2.5899999999357821e+01 1.2696820340327179e+03 3.4788868255510884e+03
2.5999999999354035e+01 1.2697038886419684e+03 3.4789135602712799e+03
2.6099999999350249e+01 1.2697255976335948e+03 3.4789401865626987e+03
2.6199999999346463e+01 1.2697470613665794e+03 3.4789667094528145e+03
2.6299999999342678e+01 1.2697683973613391e+03 3.4789931017941908e+03
2.6399999999338892e+01 1.2697896009243616e+03 3.4790193501980798e+03
2.6499999999335106e+01 1.2698106811730331e+03 3.4790454632471815e+03
2.6599999999331320e+01 1.2698316300564538e+03 3.4790714260334671e+03
2.6699999999327535e+01 1.2698524508717685e+03 3.4790972584369565e+03
2.6799999999323749e+01 1.2698731431919407e+03 3.4791229548456113e+03
2.6899999999319963e+01 1.2698937056899158e+03 3.4791485182186348e+03
2.6999999999316177e+01 1.2699141297115827e+03 3.4791739252057218e+03
2.7099999999312391e+01 1.2699344211300172e+03 3.4791991882375237e+03
2.7199999999308606e+01 1.2699545855936262e+03 3.4792243204477645e+03
2.7299999999304820e+01 1.2699746157665988e+03 3.4792493141456289e+03
2.7399999999301034e+01 1.2699945159504105e+03 3.4792741775899881e+03
2.7499999999297248e+01 1.2700142797431718e+03 3.4792988958263190e+03
2.7599999999293463e+01 1.2700339110026632e+03 3.4793234870652591e+03
2.7699999999289677e+01 1.2700534061367111e+03 3.4793479329813126e+03
2.7799999999285891e+01 1.2700727125253220e+03 3.4793722508677702e+03
2.7899999999282105e+01 1.2700918216421032e+03 3.4793964428974296e+03
2.7999999999278320e+01 1.2701108714045370e+03 3.4794240453406969e+03
2.8099999999274534e+01 1.2701298211488152e+03 3.4794528563243380e+03
2.8199999999270748e+01 1.2701486535275133e+03 3.4794814915025695e+03
2.8299999999266962e+01 1.2701673740743561e+03 3.4795099541592890e+03
2.8399999999263176e+01 1.2701859810005139e+03 3.4795382596327786e+03
2.8499999999259391e+01 1.2702044861799518e+03 3.4795664253194768e+03
2.8599999999255605e+01 1.2702228826785654e+03 3.4795944475867022e+03
2.8699999999251819e+01 1.2702411643334970e+03 3.4796223160658419e+03
2.8799999999248033e+01 1.2702593764569160e+03 3.4796499396365734e+03
2.8899999999244248e+01 1.2702774800698423e+03 3.4796773393930539e+03
2.8999999999240462e+01 1.2702954765607392e+03 3.4797045959593788e+03
2.9099999999236676e+01 1.2703133616591604e+03 3.4797317008827745e+03
2.9199999999232890e+01 1.2703311354235864e+03 3.4797586476974257e+03
2.9299999999229104e+01 1.2703488026675207e+03 3.4797854579651475e+03
2.9399999999225319e+01 1.2703663457202906e+03 3.4798121035202394e+03
2.9499999999221533e+01 1.2703837396223121e+03 3.4798385841971194e+03
2.9599999999217747e+01 1.2704010187286453e+03 3.4798649226452176e+03
2.9699999999213961e+01 1.2704181823064391e+03 3.4798911004885972e+03
2.9799999999210176e+01 1.2704352308383095e+03 3.4799171199359853e+03
2.9899999999206390e+01 1.2704521662516843e+03 3.4799429710825857e+03
2.9999999999202604e+01 1.2704689809880433e+03 3.4799686546973876e+03
