0.0000000000000000e+00 -0.0000000000000000e+00 0.0000000000000000e+00
1.0000000000000928e-01 4.3773042517410757e-14 5.4304259481347261e-13
1.9999999999998785e-01 -5.1803672145557306e-14 1.4180132505020845e-13
3.0000000000001847e-01 -3.1593429710951906e-14 5.7758064935722793e-14
4.0000000000011848e-01 3.4251741374130745e+02 5.1450295006810632e+02
5.0000000000021849e-01 3.8065242073179053e+02 5.5940059117226622e+02
6.0000000000031850e-01 3.6383083296948587e+02 5.2840516596412238e+02
7.0000000000041851e-01 3.4587795011429165e+02 4.8656020515532896e+02
8.0000000000051852e-01 3.6268677111294915e+02 5.0553142193590651e+02
9.0000000000061853e-01 3.7857825398180364e+02 5.2827537229049744e+02
1.0000000000007185e+00 3.7660680785080211e+02 5.0730287305775698e+02
1.1000000000002634e+00 4.1677469897341075e+02 5.4128594776424859e+02
1.1999999999998083e+00 4.4626754825192120e+02 5.7844368471449491e+02
1.2999999999993532e+00 4.7914753158817877e+02 6.2623099376396931e+02
1.3999999999988981e+00 5.0391148195811257e+02 6.5408503667676132e+02
1.4999999999984430e+00 5.3378459527414668e+02 6.7792387099614518e+02
1.5999999999979879e+00 5.4261085112526814e+02 6.6777658807386968e+02
1.6999999999975328e+00 5.4993500953283660e+02 6.5869329330532366e+02
1.7999999999970777e+00 5.6411160832271696e+02 6.6169955727889840e+02
1.8999999999966226e+00 5.8286690894984054e+02 6.8060499675948233e+02
1.9999999999961675e+00 6.1857566369031497e+02 7.2183761485826665e+02
2.0999999999968226e+00 6.4816774743956080e+02 7.4680243642801338e+02
2.1999999999974778e+00 6.8654688274467549e+02 7.9341349743436251e+02
2.2999999999981329e+00 6.7328636906344127e+02 7.5600248758605096e+02
2.3999999999987880e+00 6.8722544711808905e+02 7.5181003686262079e+02
2.4999999999994431e+00 6.9459554236360282e+02 7.4535455970482246e+02
2.6000000000000982e+00 7.0583942970082182e+02 7.4327275717946600e+02
2.7000000000007534e+00 7.1633862959191106e+02 7.3990972148707988e+02
2.8000000000014085e+00 7.4678659586722358e+02 7.5950205261394660e+02
2.9000000000020636e+00 7.5896393553264284e+02 7.8026446102843192e+02
3.0000000000027187e+00 7.7945745519131879e+02 7.8779348587164316e+02
3.1000000000033738e+00 7.8868014014182586e+02 7.4280118392260567e+02
3.2000000000040290e+00 7.9081835827701150e+02 7.3414522572539806e+02
3.3000000000046841e+00 7.8902064803307837e+02 7.3827257872719679e+02
3.4000000000053392e+00 8.1126697508748316e+02 7.5843141611642977e+02
3.5000000000059943e+00 8.4937330931103656e+02 8.2942388371341042e+02
3.6000000000066494e+00 9.0123934806905709e+02 8.3670597570540838e+02
3.7000000000073046e+00 9.0714279357525277e+02 8.6099280976268756e+02
3.8000000000079597e+00 9.3978796279650896e+02 9.0021884138432756e+02
3.9000000000086148e+00 9.5583362622866457e+02 9.3054899283256009e+02
4.0000000000092699e+00 9.8107092813070506e+02 8.6376906893901003e+02
4.1000000000099250e+00 9.8699837837435257e+02 8.4579264426308191e+02
4.2000000000105802e+00 9.9412079958709887e+02 8.7770992203106005e+02
4.3000000000112353e+00 1.0089184999537114e+03 8.9471707944454658e+02
4.4000000000118904e+00 9.9433002503014404e+02 8.1989556902126344e+02
4.5000000000125455e+00 9.8113934739062483e+02 7.9866254528732111e+02
4.6000000000132006e+00 9.8571203527476814e+02 7.8672465234234960e+02
4.7000000000138558e+00 1.0202779821590491e+03 8.2549711094667862e+02
4.8000000000145109e+00 1.0413355122132484e+03 8.6394503479063656e+02
4.9000000000151660e+00 1.0729971089494504e+03 9.1947174796786294e+02
5.0000000000158211e+00 1.1672875638653786e+03 1.0085519087241553e+03
5.1000000000164762e+00 1.2018311739953492e+03 9.8765494694424240e+02
5.2000000000171314e+00 1.2254714137476101e+03 9.9863570728012303e+02
5.3000000000177865e+00 1.2349798426168022e+03 9.9143310642954066e+02
5.4000000000184416e+00 1.2504882818238539e+03 1.0185862299088866e+03
5.5000000000190967e+00 1.2450073082448130e+03 9.2632643964427007e+02
5.6000000000197518e+00 1.2376361943945763e+03 8.4911451092488210e+02
5.7000000000204070e+00 1.2371116796246290e+03 8.0618409466051867e+02
5.8000000000210621e+00 1.2399438123931100e+03 7.6702028418528346e+02
5.9000000000217172e+00 1.2622475004421813e+03 7.3990125284687804e+02
6.0000000000223723e+00 1.2703471681721644e+03 7.2992188620692889e+02
6.1000000000230274e+00 1.2760689295234006e+03 7.7766639446918509e+02
6.2000000000236826e+00 1.2767895956755669e+03 7.2705937349580608e+02
6.3000000000243377e+00 1.2861164072698971e+03 8.0278354670170609e+02
6.4000000000249928e+00 1.3469782232552848e+03 7.7789402892366934e+02
6.5000000000256479e+00 1.3533061524638479e+03 7.6704442015114716e+02
6.6000000000263030e+00 1.3052469010717432e+03 7.0715880387954826e+02
6.7000000000269582e+00 1.3035601201963293e+03 7.3680071770579252e+02
6.8000000000276133e+00 1.2713283863530123e+03 6.9551173675707912e+02
6.9000000000282684e+00 1.2568982155550011e+03 6.1309449701331516e+02
7.0000000000289235e+00 1.1621557554125252e+03 4.1744430019691038e+02
7.1000000000295787e+00 1.0811995079337100e+03 3.3112934505372112e+02
7.2000000000302338e+00 1.1181745599084893e+03 2.2960605621706154e+02
7.3000000000308889e+00 1.2382083061085598e+03 3.5050145087977756e+02
7.4000000000315440e+00 2.7605698448484277e+03 2.5442846947958669e+03
7.5000000000321991e+00 2.7526843897730878e+03 2.5612854313734019e+03
7.6000000000328543e+00 2.6959857583816383e+03 2.5173053735643466e+03
7.7000000000335094e+00 2.7290578472127727e+03 2.6126304414243896e+03
7.8000000000341645e+00 2.7394800000329824e+03 2.6040469165160303e+03
7.9000000000348196e+00 2.8335195387353383e+03 2.4397686783214344e+03
8.0000000000354738e+00 2.8222413437766299e+03 2.4757513454529012e+03
8.1000000000316881e+00 2.6055008824032475e+03 2.8311019189042618e+03
8.2000000000279023e+00 2.6210345860332827e+03 2.7146098129942484e+03
8.3000000000241165e+00 2.8583560096727606e+03 2.4296210341331744e+03
8.4000000000203308e+00 2.9453501451569591e+03 2.2630039751410977e+03
8.5000000000165450e+00 2.7213835906645368e+03 2.7205212309483309e+03
8.6000000000127592e+00 2.8717689558553757e+03 2.4730801005627227e+03
8.7000000000089734e+00 2.8122008753017626e+03 2.5964151724220183e+03
8.8000000000051877e+00 2.7075711853831099e+03 2.7875637474649711e+03
8.9000000000014019e+00 2.5898110537683128e+03 2.8620679363063464e+03
8.9999999999976161e+00 2.7135895267122028e+03 2.8117099802237794e+03
9.0999999999938304e+00 2.5793122026954024e+03 2.7623066328462846e+03
9.1999999999900446e+00 3.0866250454611290e+03 2.1121618612077850e+03
9.2999999999862588e+00 2.8773825115265190e+03 2.5927982819039730e+03
9.3999999999824730e+00 2.7165451741631036e+03 2.8298213788300677e+03
9.4999999999786873e+00 2.7926109242321772e+03 2.7715745942046819e+03
9.5999999999749015e+00 2.6489437577626845e+03 2.8332719452537408e+03
9.6999999999711157e+00 2.7734639901679989e+03 2.6495297986242995e+03
9.7999999999673300e+00 2.7351655417873953e+03 2.8010978878900773e+03
9.8999999999635442e+00 3.1351028029983468e+03 2.1706151785868542e+03
9.9999999999597584e+00 3.0207249196345433e+03 2.4631324575253107e+03
1.0099999999955973e+01 2.5741870874365677e+03 2.9935440606973457e+03
1.0199999999952187e+01 3.0042495915278500e+03 2.5350490731045911e+03
1.0299999999948401e+01 3.0916063610410984e+03 2.3820745645763095e+03
1.0399999999944615e+01 2.8362993846397039e+03 2.8754244672641626e+03
1.0499999999940830e+01 3.0303919066078970e+03 2.5357182497548915e+03
1.0599999999937044e+01 3.0652416500015343e+03 2.5086577106041855e+03
1.0699999999933258e+01 2.6431212881756287e+03 2.5569860181057043e+03
1.0799999999929472e+01 2.7878605082640770e+03 2.9518476193334800e+03
1.0899999999925686e+01 3.1977446140572674e+03 2.2983837325296226e+03
1.0999999999921901e+01 2.8625008517008291e+03 2.8346251541205211e+03
1.1099999999918115e+01 2.9187233816169496e+03 2.7933974681379655e+03
1.1199999999914329e+01 2.9468384840305453e+03 2.6452386404839367e+03
1.1299999999910543e+01 2.9589956203396810e+03 2.8800724981451690e+03
1.1399999999906758e+01 3.0787180830558227e+03 2.7009663367395201e+03
1.1499999999902972e+01 3.1804739562313052e+03 2.5300274271365756e+03
1.1599999999899186e+01 2.6010275948776421e+03 2.9447907972644052e+03
1.1699999999895400e+01 3.1888299973613798e+03 2.5541313663723899e+03
1.1799999999891615e+01 3.3255876961986141e+03 2.2759882207848354e+03
1.1899999999887829e+01 3.2340748057254768e+03 2.5122459647477040e+03
1.1999999999884043e+01 3.1517155146453979e+03 2.7097164791635191e+03
1.2099999999880257e+01 3.1318756326516241e+03 2.7848246488099398e+03
1.2199999999876471e+01 3.0103912440829845e+03 2.5324642812929355e+03
1.2299999999872686e+01 3.1038967619630612e+03 2.8828087449364111e+03
1.2399999999868900e+01 3.1096695250759640e+03 2.8796718227911979e+03
1.2499999999865114e+01 3.3021112780369795e+03 2.5572495169117446e+03
1.2599999999861328e+01 3.0611160222315666e+03 2.3705428858349819e+03
1.2699999999857543e+01 3.3873138577262880e+03 2.4390289523466495e+03
1.2799999999853757e+01 3.4377645814200969e+03 2.3468087281961216e+03
1.2899999999849971e+01 3.0923480825370029e+03 2.5879623968963401e+03
1.2999999999846185e+01 3.5141377230517814e+03 2.2282509446743998e+03
1.3099999999842399e+01 3.3822625078890405e+03 2.6085105260081641e+03
1.3199999999838614e+01 3.3992118828360976e+03 2.6043345761588180e+03
1.3299999999834828e+01 3.4308450865647810e+03 2.6058952914192760e+03
1.3399999999831042e+01 3.6040591879769972e+03 2.2352850512218433e+03
1.3499999999827256e+01 3.4268619226777819e+03 2.7206354357460309e+03
1.3599999999823471e+01 3.6135211372224721e+03 2.3450330325716291e+03
1.3699999999819685e+01 3.6411861731766980e+03 2.3383369686102669e+03
1.3799999999815899e+01 3.1938245306986350e+03 3.1717940651512986e+03
1.3899999999812113e+01 3.4997246215883470e+03 2.7907259371633481e+03
1.3999999999808328e+01 3.6662353864366723e+03 2.4548444986827467e+03
1.4099999999804542e+01 3.7798230276811610e+03 2.2011498844100015e+03
1.4199999999800756e+01 3.7158279249731868e+03 2.4632345510652394e+03
1.4299999999796970e+01 3.9447833915729943e+03 1.8715222574126219e+03
1.4399999999793184e+01 3.8644270939114740e+03 2.2089382065659115e+03
1.4499999999789399e+01 3.7199234248691710e+03 2.7101304946405362e+03
1.4599999999785613e+01 4.0011711151408754e+03 1.9654828152938157e+03
1.4699999999781827e+01 4.0394944338007344e+03 2.0534023550356960e+03
1.4799999999778041e+01 4.0630857061593115e+03 2.0797923994062244e+03
1.4899999999774256e+01 4.0134638158158596e+03 2.3336877004767834e+03
1.4999999999770470e+01 4.1502346622970817e+03 2.0097263773094971e+03
1.5099999999766684e+01 3.9192734350591699e+01 1.0776377310987378e+02
1.5199999999762898e+01 4.7095883335339764e+01 1.2942824261885127e+02
1.5299999999759113e+01 5.1752607784104825e+01 1.4219346591919427e+02
1.5399999999755327e+01 5.1741966661053681e+01 1.4216429558539610e+02
1.5499999999751541e+01 5.0015974105170685e+01 1.3743292621488251e+02
1.5599999999747755e+01 4.9227495533511529e+01 1.3527151284156920e+02
1.5699999999743969e+01 4.8890005421671745e+01 1.3434636956582469e+02
1.5799999999740184e+01 4.8675506645764926e+01 1.3375837574536331e+02
1.5899999999736398e+01 4.8533281795750952e+01 1.3336850250537350e+02
1.5999999999732612e+01 4.8420903093371095e+01 1.3306044489080330e+02
1.6099999999728826e+01 4.8324445206517623e+01 1.3279603014084441e+02
1.6199999999725041e+01 4.8251871299877500e+01 1.3259708724627714e+02
1.6299999999721255e+01 4.8184027240163118e+01 1.3241111002559023e+02
1.6399999999717469e+01 4.8120593633901862e+01 1.3223722294147834e+02
1.6499999999713683e+01 4.8062687125265441e+01 1.3207848698880619e+02
1.6599999999709897e+01 4.8006833568408396e+01 1.3192537868112589e+02
1.6699999999706112e+01 4.7959334245626501e+01 1.3179517137933357e+02
1.6799999999702326e+01 4.7946534523641830e+01 1.3176008419876374e+02
1.6899999999698540e+01 4.7937901688467420e+01 1.3173641947784907e+02
1.6999999999694754e+01 4.7961157665025169e+01 1.3168571637553080e+02
1.7099999999690969e+01 4.8033969762664142e+01 1.3157585731584840e+02
1.7199999999687183e+01 4.8120621849958340e+01 1.3144184158190382e+02
1.7299999999683397e+01 4.8201143809600005e+01 1.3132428946611373e+02
1.7399999999679611e+01 4.8275819131498984e+01 1.3121428876509478e+02
1.7499999999675826e+01 4.8342258543025110e+01 1.3111561370615709e+02
1.7599999999672040e+01 4.8401511846488802e+01 1.3102670716822266e+02
1.7699999999668254e+01 4.8455192623413382e+01 1.3094522205453410e+02
1.7799999999664468e+01 4.8504660623717143e+01 1.3086914953705465e+02
1.7899999999660682e+01 4.8551394414983847e+01 1.3079688564715579e+02
1.7999999999656897e+01 4.8595950661213386e+01 1.3072780816578623e+02
1.8099999999653111e+01 4.8625244228549448e+01 1.3068497328514368e+02
1.8199999999649325e+01 4.8652060107542312e+01 1.3064602011077926e+02
1.8299999999645539e+01 4.8677278288552273e+01 1.3060969256378053e+02
1.8399999999641754e+01 4.8701437621736659e+01 1.3057529252676397e+02
1.8499999999637968e+01 4.8724577774173156e+01 1.3054276134389346e+02
1.8599999999634182e+01 4.8746720948475613e+01 1.3051213480111403e+02
1.8699999999630396e+01 4.8768031354104146e+01 1.3048319232972952e+02
1.8799999999626611e+01 4.8788505323763687e+01 1.3045590356140499e+02
1.8899999999622825e+01 4.8808132328295464e+01 1.3043027801987347e+02
1.8999999999619039e+01 4.8826894837852670e+01 1.3040632562789108e+02
1.9099999999615253e+01 4.8844266674275786e+01 1.3038549827824585e+02
1.9199999999611467e+01 4.8859908987546184e+01 1.3036935571463144e+02
1.9299999999607682e+01 4.8874518130436940e+01 1.3035527196563669e+02
1.9399999999603896e+01 4.8888283045786466e+01 1.3034326173685139e+02
1.9499999999600110e+01 4.8901184270650248e+01 1.3033404716866710e+02
1.9599999999596324e+01 4.8913985790276570e+01 1.3032531756255869e+02
1.9699999999592539e+01 4.8926516866163027e+01 1.3031720221287884e+02
1.9799999999588753e+01 4.8938673740800894e+01 1.3030988349472273e+02
1.9899999999584967e+01 4.8950285210263758e+01 1.3030360253838722e+02
1.9999999999581181e+01 4.8961303279253180e+01 1.3029834370453739e+02
2.0099999999577395e+01 4.8971746755368343e+01 1.3029414375243749e+02
2.0199999999573610e+01 4.8981578257424140e+01 1.3029105884295410e+02
2.0299999999569824e+01 4.8987706447969664e+01 1.3029025974614217e+02
2.0399999999566038e+01 4.8991435862707661e+01 1.3028948950418899e+02
2.0499999999562252e+01 4.8995831481581959e+01 1.3028832718854918e+02
2.0599999999558467e+01 4.9000087499790119e+01 1.3028763349377914e+02
2.0699999999554681e+01 4.9003991886295736e+01 1.3028768942378969e+02
2.0799999999550895e+01 4.9007419620336691e+01 1.3028863381773266e+02
2.0899999999547109e+01 4.9010317401483348e+01 1.3029045161243062e+02
2.0999999999543324e+01 4.9012750056019414e+01 1.3029312254819584e+02
2.1099999999539538e+01 4.9014615530647916e+01 1.3029672590745773e+02
2.1199999999535752e+01 4.9015778082065225e+01 1.3030140281477404e+02
2.1299999999531966e+01 4.9016500731613988e+01 1.3030690509321448e+02
2.1399999999528180e+01 4.9017046157066396e+01 1.3031284768113267e+02
2.1499999999524395e+01 4.9017096262329559e+01 1.3031989943840290e+02
2.1599999999520609e+01 4.9017850562558735e+01 1.3032606218816966e+02
2.1699999999516823e+01 4.9019549704750204e+01 1.3033114179581466e+02
2.1799999999513037e+01 4.9017141071872864e+01 1.3034217950608419e+02
2.1899999999509252e+01 4.9015491064161260e+01 1.3035272693713893e+02
2.1999999999505466e+01 4.9014852292787069e+01 1.3036221891317786e+02
2.2099999999501680e+01 4.9014830682018307e+01 1.3037103124072630e+02
2.2199999999497894e+01 4.9016348562250805e+01 1.3037818271776180e+02
2.2299999999494108e+01 4.9019454168167464e+01 1.3038357391790493e+02
2.2399999999490323e+01 4.9023399072834437e+01 1.3038803074509286e+02
2.2499999999486537e+01 4.9027696674201351e+01 1.3039213764431847e+02
2.2599999999482751e+01 4.9032010784102816e+01 1.3039632583171201e+02
2.2699999999478965e+01 4.9036131977681123e+01 1.3040090026967246e+02
2.2799999999475180e+01 4.9040021836234331e+01 1.3040589901579580e+02
2.2899999999471394e+01 4.9043714006640656e+01 1.3041125611730851e+02
2.2999999999467608e+01 4.9047226471785564e+01 1.3041697129659764e+02
2.3099999999463822e+01 4.9050535601256556e+01 1.3042306009480291e+02
2.3199999999460037e+01 4.9053622093585886e+01 1.3042951375787192e+02
2.3299999999456251e+01 4.9056488849555954e+01 1.3043634469867249e+02
2.3399999999452465e+01 4.9059131542533663e+01 1.3044354884013651e+02
2.3499999999448679e+01 4.9061566091679701e+01 1.3045108964458393e+02
2.3599999999444893e+01 4.9063799153506551e+01 1.3045897885326090e+02
2.3699999999441108e+01 4.9065843805466812e+01 1.3046720288786676e+02
2.3799999999437322e+01 4.9067651352386939e+01 1.3047576649443118e+02
2.3899999999433536e+01 4.9069253807068982e+01 1.3048466857193893e+02
2.3999999999429750e+01 4.9070695081805269e+01 1.3049387997855271e+02
2.4099999999425965e+01 4.9071967995914100e+01 1.3050335327291867e+02
2.4199999999422179e+01 4.9073116609576786e+01 1.3051307002090726e+02
2.4299999999418393e+01 4.9074114247752036e+01 1.3052305594652495e+02
2.4399999999414607e+01 4.9074968315954592e+01 1.3053329140856513e+02
2.4499999999410822e+01 4.9075679895169444e+01 1.3054377033267599e+02
2.4599999999407036e+01 4.9076246832464683e+01 1.3055447418816325e+02
2.4699999999403250e+01 4.9076671334691369e+01 1.3056541754963189e+02
2.4799999999399464e+01 4.9077003159900407e+01 1.3057657544662746e+02
2.4899999999395678e+01 4.9077193207816869e+01 1.3058792885817780e+02
2.4999999999391893e+01 4.9077297993937187e+01 1.3059945942457270e+02
2.5099999999388107e+01 4.9077279034313875e+01 1.3061118719765716e+02
2.5199999999384321e+01 4.9077103073858851e+01 1.3062314930407521e+02
2.5299999999380535e+01 4.9076788861152991e+01 1.3063530447031411e+02
2.5399999999376750e+01 4.9076380389883198e+01 1.3064762045674061e+02
2.5499999999372964e+01 4.9075862593060933e+01 1.3066012329327455e+02
2.5599999999369178e+01 4.9075254577074027e+01 1.3067279694414458e+02
2.5699999999365392e+01 4.9074564387376533e+01 1.3068564641188897e+02
2.5799999999361606e+01 4.9073780508511433e+01 1.3069864126546292e+02
2.5899999999357821e+01 4.9072908069939437e+01 1.3071178461490845e+02
2.5999999999354035e+01 4.9071961430314190e+01 1.3072505582731014e+02
2.6099999999350249e+01 4.9070916500449187e+01 1.3073846045116136e+02
2.6199999999346463e+01 4.9069750484239023e+01 1.3075204283639570e+02
2.6299999999342678e+01 4.9068565338025891e+01 1.3076566053460658e+02
2.6399999999338892e+01 4.9067329486622135e+01 1.3077933555022980e+02
2.6499999999335106e+01 4.9066059232011987e+01 1.3079308236028388e+02
2.6599999999331320e+01 4.9064718158121394e+01 1.3080691038178176e+02
2.6699999999327535e+01 4.9063326524222425e+01 1.3082082124693662e+02
2.6799999999323749e+01 4.9061889530185567e+01 1.3083481534591886e+02
2.6899999999319963e+01 4.9060397378034239e+01 1.3084889074645648e+02
2.6999999999316177e+01 4.9058852036077795e+01 1.3086302627748762e+02
2.7099999999312391e+01 4.9057263477725023e+01 1.3087724514638580e+02
2.7199999999308606e+01 4.9055633176692467e+01 1.3089151271521882e+02
2.7299999999304820e+01 4.9053930131296077e+01 1.3090585338323669e+02
2.7399999999301034e+01 4.9052187417657336e+01 1.3092024818086963e+02
2.7499999999297248e+01 4.9050405476655143e+01 1.3093471929323857e+02
2.7599999999293463e+01 4.9048561479511207e+01 1.3094925451906443e+02
2.7699999999289677e+01 4.9046669285269914e+01 1.3096382952847023e+02
2.7799999999285891e+01 4.9044714188956647e+01 1.3097856035802684e+02
2.7899999999282105e+01 4.9042634905522306e+01 1.3099338653061483e+02
2.7999999999278320e+01 4.9040237483811239e+01 1.3100943905990306e+02
2.8099999999274534e+01 4.9037711126671503e+01 1.3102600730335652e+02
2.8199999999270748e+01 4.9035064793058353e+01 1.3104271873565696e+02
2.8299999999266962e+01 4.9032318942923020e+01 1.3105954223205660e+02
2.8399999999263176e+01 4.9029492899343616e+01 1.3107641593899135e+02
2.8499999999259391e+01 4.9026636505876652e+01 1.3109331374681935e+02
2.8599999999255605e+01 4.9023736734957374e+01 1.3111025191447922e+02
2.8699999999251819e+01 4.9020810716762078e+01 1.3112721486973365e+02
2.8799999999248033e+01 4.9017843704151325e+01 1.3114420848074872e+02
2.8899999999244248e+01 4.9014866802124985e+01 1.3116117428597326e+02
2.8999999999240462e+01 4.9011891313005798e+01 1.3117812371657760e+02
2.9099999999236676e+01 4.9008903124234180e+01 1.3119506153529971e+02
2.9199999999232890e+01 4.9005927168178829e+01 1.3121196434171642e+02
2.9299999999229104e+01 4.9002958575886979e+01 1.3122885722841303e+02
2.9399999999225319e+01 4.8999975108028671e+01 1.3124573830233913e+02
2.9499999999221533e+01 4.8996975347264708e+01 1.3126258175253392e+02
2.9599999999217747e+01 4.8994073442649707e+01 1.3127930233341519e+02
2.9699999999213961e+01 4.8991186070888467e+01 1.3129596827833453e+02
2.9799999999210176e+01 4.8988307884799951e+01 1.3131261099028990e+02
2.9899999999206390e+01 4.8985412829653114e+01 1.3132923389096283e+02
2.9999999999202604e+01 4.8982508526275147e+01 1.3134579711455316e+02
